 -5. 0.0018511594
 -4.99 0.0019034953
 -4.98 0.0019569981
 -4.97 0.002011691
 -4.96 0.0020675845
 -4.95 0.0021247019
 -4.94 0.002183054
 -4.93 0.002242663
 -4.92 0.002303541
 -4.91 0.0023657074
 -4.9 0.002429176
 -4.89 0.0024939664
 -4.88 0.0025600886
 -4.87 0.0026275672
 -4.86 0.0026964077
 -4.85 0.0027666357
 -4.84 0.0028382575
 -4.83 0.0029112957
 -4.82 0.0029857582
 -4.81 0.0030616655
 -4.8 0.003139025
 -4.79 0.003217857
 -4.78 0.0032981688
 -4.77 0.003379981
 -4.76 0.0034632965
 -4.75 0.0035481376
 -4.74 0.0036345108
 -4.73 0.0037224244
 -4.72 0.0038118958
 -4.71 0.0039029284
 -4.7 0.003995541
 -4.69 0.0040897313
 -4.68 0.0041855196
 -4.67 0.0042829043
 -4.66 0.0043819007
 -4.65 0.004482507
 -4.64 0.0045847395
 -4.63 0.004688591
 -4.62 0.0047940793
 -4.61 0.004901194
 -4.6 0.005009952
 -4.59 0.0051203435
 -4.58 0.0052323816
 -4.57 0.005346052
 -4.56 0.0054613655
 -4.55 0.005578314
 -4.54 0.005696901
 -4.53 0.005817111
 -4.52 0.005938957
 -4.51 0.0060624136
 -4.5 0.0061874874
 -4.4900002 0.0063141594
 -4.48 0.006442433
 -4.47 0.00657229
 -4.46 0.006703711
 -4.45 0.006836694
 -4.44 0.0069712135
 -4.43 0.007107263
 -4.42 0.0072448174
 -4.41 0.007383861
 -4.4 0.007524368
 -4.39 0.0076663247
 -4.38 0.0078096935
 -4.37 0.007954462
 -4.36 0.008100588
 -4.35 0.00824806
 -4.34 0.008396826
 -4.33 0.008546871
 -4.32 0.008698146
 -4.31 0.008850624
 -4.3 0.009004254
 -4.29 0.009159008
 -4.28 0.009314833
 -4.27 0.009471688
 -4.26 0.0096295215
 -4.25 0.009788291
 -4.2400002 0.00994793
 -4.23 0.0101084
 -4.22 0.01026964
 -4.21 0.010431575
 -4.2 0.010594164
 -4.19 0.0107573215
 -4.18 0.010921002
 -4.17 0.011085118
 -4.16 0.011249609
 -4.15 0.011414394
 -4.14 0.011579395
 -4.13 0.011744531
 -4.12 0.011909719
 -4.11 0.012074869
 -4.1 0.0122399
 -4.09 0.012404705
 -4.08 0.01256921
 -4.07 0.012733287
 -4.06 0.012896863
 -4.05 0.013059803
 -4.04 0.013222028
 -4.03 0.013383402
 -4.02 0.013543826
 -4.01 0.013703172
 -4. 0.013861321
 -3.99 0.014018145
 -3.98 0.014173518
 -3.97 0.014327301
 -3.96 0.014479362
 -3.95 0.014629564
 -3.94 0.014777754
 -3.93 0.014923792
 -3.92 0.015067523
 -3.91 0.015208796
 -3.9 0.015347442
 -3.89 0.015483306
 -3.88 0.01561622
 -3.8700001 0.015746009
 -3.8600001 0.015872503
 -3.8500001 0.015995517
 -3.84 0.016114876
 -3.83 0.016230384
 -3.82 0.016341852
 -3.81 0.016449085
 -3.8 0.016551886
 -3.79 0.016650047
 -3.78 0.016743362
 -3.77 0.016831612
 -3.76 0.016914591
 -3.75 0.01699207
 -3.74 0.017063826
 -3.73 0.01712963
 -3.72 0.017189244
 -3.71 0.017242435
 -3.7 0.017288953
 -3.69 0.01732856
 -3.68 0.017360995
 -3.67 0.017386008
 -3.66 0.01740334
 -3.65 0.01741272
 -3.64 0.017413884
 -3.63 0.017406555
 -3.6200001 0.017390458
 -3.6100001 0.017365312
 -3.6000001 0.017330825
 -3.59 0.017286709
 -3.58 0.017232673
 -3.57 0.017168414
 -3.56 0.01709363
 -3.55 0.017008008
 -3.54 0.016911244
 -3.53 0.016803022
 -3.52 0.01668301
 -3.51 0.016550899
 -3.5 0.01640635
 -3.49 0.016249035
 -3.48 0.01607862
 -3.47 0.01589476
 -3.46 0.015697112
 -3.45 0.015485336
 -3.44 0.015259071
 -3.43 0.015017967
 -3.42 0.014761662
 -3.41 0.0144898
 -3.4 0.014202011
 -3.39 0.013897925
 -3.38 0.013577175
 -3.3700001 0.01323938
 -3.3600001 0.012884167
 -3.3500001 0.012511155
 -3.3400002 0.012119955
 -3.33 0.011710172
 -3.32 0.011281435
 -3.31 0.010833349
 -3.3 0.010365511
 -3.29 0.009877527
 -3.28 0.009368998
 -3.27 0.0088395225
 -3.26 0.008288698
 -3.25 0.007716118
 -3.24 0.007121377
 -3.23 0.006504064
 -3.22 0.0058637713
 -3.21 0.005200089
 -3.2 0.004512601
 -3.19 0.0038008967
 -3.18 0.0030645619
 -3.17 0.00230318
 -3.16 0.0015163376
 -3.15 0.00070361805
 -3.14 -0.00013539416
 -3.13 -0.0010011147
 -3.1200001 -0.0018939592
 -3.1100001 -0.002814343
 -3.1000001 -0.0037626806
 -3.0900002 -0.0047393856
 -3.08 -0.005744895
 -3.07 -0.006779572
 -3.06 -0.007843853
 -3.05 -0.008938145
 -3.04 -0.010062854
 -3.03 -0.011218389
 -3.02 -0.012405148
 -3.01 -0.013623532
 -3. -0.014873939
 -2.99 -0.016156768
 -2.98 -0.017472405
 -2.97 -0.01882124
 -2.96 -0.020203657
 -2.95 -0.02162004
 -2.94 -0.023070766
 -2.93 -0.024556201
 -2.92 -0.026076721
 -2.91 -0.027632684
 -2.9 -0.029224448
 -2.89 -0.030852372
 -2.88 -0.0325168
 -2.8700001 -0.034218065
 -2.8600001 -0.035956506
 -2.8500001 -0.037732463
 -2.8400002 -0.039546248
 -2.8300002 -0.04139817
 -2.82 -0.043288596
 -2.81 -0.04521773
 -2.8 -0.047185913
 -2.79 -0.049193427
 -2.78 -0.05124055
 -2.77 -0.053327546
 -2.76 -0.055454675
 -2.75 -0.05762219
 -2.74 -0.059830334
 -2.73 -0.062079336
 -2.72 -0.06436941
 -2.71 -0.06670079
 -2.7 -0.06907363
 -2.69 -0.07148817
 -2.68 -0.07394456
 -2.67 -0.076442964
 -2.66 -0.07898356
 -2.65 -0.08156648
 -2.64 -0.084191844
 -2.63 -0.086859785
 -2.6200001 -0.0895704
 -2.6100001 -0.09232379
 -2.6000001 -0.09512003
 -2.5900002 -0.09795918
 -2.5800002 -0.100841306
 -2.5700002 -0.10376642
 -2.56 -0.10673465
 -2.55 -0.109745845
 -2.54 -0.112800054
 -2.53 -0.11589729
 -2.52 -0.11903748
 -2.51 -0.122220606
 -2.5 -0.12544657
 -2.49 -0.12871532
 -2.48 -0.1320267
 -2.47 -0.13538064
 -2.46 -0.138777
 -2.45 -0.14221562
 -2.44 -0.14569631
 -2.43 -0.1492189
 -2.42 -0.1527832
 -2.41 -0.15638897
 -2.4 -0.16003595
 -2.39 -0.1637239
 -2.38 -0.16745254
 -2.3700001 -0.1712216
 -2.3600001 -0.1750307
 -2.3500001 -0.17887954
 -2.3400002 -0.18276778
 -2.3300002 -0.18669502
 -2.3200002 -0.19066085
 -2.31 -0.19466501
 -2.3 -0.1987068
 -2.29 -0.20278594
 -2.28 -0.20690186
 -2.27 -0.21105418
 -2.26 -0.21524225
 -2.25 -0.21946563
 -2.24 -0.22372372
 -2.23 -0.22801596
 -2.22 -0.23234174
 -2.21 -0.23670045
 -2.2 -0.2410914
 -2.19 -0.24551399
 -2.18 -0.2499675
 -2.17 -0.25445125
 -2.16 -0.2589645
 -2.15 -0.26350647
 -2.14 -0.26807645
 -2.13 -0.27267358
 -2.1200001 -0.27729714
 -2.1100001 -0.28194615
 -2.1000001 -0.2866199
 -2.0900002 -0.29131746
 -2.0800002 -0.2960379
 -2.0700002 -0.3007804
 -2.0600002 -0.30554387
 -2.05 -0.3103276
 -2.04 -0.31513032
 -2.03 -0.31995112
 -2.02 -0.324789
 -2.01 -0.32964292
 -2. -0.33451182
 -1.99 -0.33939463
 -1.98 -0.3442902
 -1.97 -0.34919745
 -1.96 -0.35411522
 -1.95 -0.35904232
 -1.94 -0.36397764
 -1.9300001 -0.36891988
 -1.9200001 -0.37386793
 -1.9100001 -0.37882045
 -1.9000001 -0.38377622
 -1.8900001 -0.38873398
 -1.8800001 -0.39369243
 -1.8700001 -0.39865023
 -1.86 -0.40360618
 -1.85 -0.40855876
 -1.84 -0.41350666
 -1.83 -0.41844854
 -1.82 -0.423383
 -1.8100001 -0.42830858
 -1.8000001 -0.43322393
 -1.7900001 -0.43812758
 -1.7800001 -0.44301808
 -1.7700001 -0.44789395
 -1.7600001 -0.45275372
 -1.7500001 -0.45759588
 -1.7400001 -0.46241897
 -1.73 -0.4672215
 -1.72 -0.47200182
 -1.71 -0.47675845
 -1.7 -0.48148984
 -1.69 -0.48619443
 -1.6800001 -0.4908706
 -1.6700001 -0.4955169
 -1.6600001 -0.5001316
 -1.6500001 -0.5047132
 -1.6400001 -0.50926006
 -1.6300001 -0.51377046
 -1.6200001 -0.51824296
 -1.6100001 -0.5226759
 -1.6 -0.52706754
 -1.59 -0.5314164
 -1.58 -0.53572065
 -1.57 -0.5399788
 -1.5600001 -0.54418916
 -1.5500001 -0.5483501
 -1.5400001 -0.55245996
 -1.5300001 -0.55651706
 -1.5200001 -0.56051975
 -1.5100001 -0.5644665
 -1.5000001 -0.56835544
 -1.4900001 -0.57218516
 -1.48 -0.5759539
 -1.47 -0.57966
 -1.46 -0.5833018
 -1.45 -0.58687776
 -1.44 -0.5903862
 -1.4300001 -0.5938255
 -1.4200001 -0.5971941
 -1.4100001 -0.6004903
 -1.4000001 -0.6037125
 -1.3900001 -0.60685915
 -1.3800001 -0.6099287
 -1.3700001 -0.61291957
 -1.3600001 -0.6158301
 -1.35 -0.6186589
 -1.34 -0.62140435
 -1.33 -0.6240648
 -1.32 -0.62663895
 -1.3100001 -0.6291252
 -1.3000001 -0.63152206
 -1.2900001 -0.6338281
 -1.2800001 -0.6360418
 -1.2700001 -0.63816184
 -1.2600001 -0.6401867
 -1.2500001 -0.6421151
 -1.2400001 -0.6439456
 -1.2300001 -0.64567673
 -1.22 -0.6473074
 -1.21 -0.6488361
 -1.2 -0.6502616
 -1.19 -0.65158266
 -1.1800001 -0.652798
 -1.1700001 -0.65390635
 -1.1600001 -0.65490663
 -1.1500001 -0.6557976
 -1.1400001 -0.6565782
 -1.1300001 -0.6572472
 -1.1200001 -0.65780354
 -1.1100001 -0.6582462
 -1.1000001 -0.65857416
 -1.09 -0.65878636
 -1.08 -0.65888184
 -1.07 -0.6588597
 -1.0600001 -0.658719
 -1.0500001 -0.6584588
 -1.0400001 -0.65807843
 -1.0300001 -0.6575769
 -1.0200001 -0.6569536
 -1.0100001 -0.65620756
 -1.0000001 -0.6553383
 -0.99000007 -0.654345
 -0.9800001 -0.6532271
 -0.9700001 -0.6519839
 -0.9600001 -0.650615
 -0.9500001 -0.6491197
 -0.9400001 -0.6474976
 -0.93000007 -0.6457482
 -0.9200001 -0.6438711
 -0.9100001 -0.641866
 -0.9000001 -0.63973254
 -0.8900001 -0.63747036
 -0.8800001 -0.6350792
 -0.87000006 -0.6325588
 -0.8600001 -0.6299092
 -0.8500001 -0.6271301
 -0.8400001 -0.62422144
 -0.8300001 -0.6211831
 -0.8200001 -0.61801517
 -0.8100001 -0.61471766
 -0.8000001 -0.6112906
 -0.7900001 -0.6077341
 -0.7800001 -0.60404843
 -0.7700001 -0.6002336
 -0.7600001 -0.5962901
 -0.7500001 -0.59221804
 -0.74000007 -0.5880178
 -0.7300001 -0.5836898
 -0.7200001 -0.57923436
 -0.7100001 -0.574652
 -0.7000001 -0.56994325
 -0.6900001 -0.5651086
 -0.68000007 -0.56014866
 -0.6700001 -0.5550641
 -0.6600001 -0.5498556
 -0.6500001 -0.5445238
 -0.6400001 -0.5390695
 -0.6300001 -0.5334936
 -0.6200001 -0.5277968
 -0.6100001 -0.5219801
 -0.6000001 -0.51604444
 -0.5900001 -0.5099907
 -0.5800001 -0.50382
 -0.5700001 -0.49753338
 -0.5600001 -0.4911319
 -0.5500001 -0.48461676
 -0.5400001 -0.4779891
 -0.5300001 -0.47125015
 -0.5200001 -0.46440127
 -0.5100001 -0.45744365
 -0.5000001 -0.4503787
 -0.4900001 -0.44320774
 -0.4800001 -0.4359323
 -0.4700001 -0.4285538
 -0.4600001 -0.4210737
 -0.4500001 -0.4134936
 -0.44000012 -0.405815
 -0.4300001 -0.3980396
 -0.4200001 -0.39016905
 -0.41000012 -0.38220498
 -0.4000001 -0.3741491
 -0.3900001 -0.36600325
 -0.3800001 -0.35776913
 -0.3700001 -0.3494486
 -0.3600001 -0.34104356
 -0.3500001 -0.33255583
 -0.3400001 -0.32398733
 -0.3300001 -0.31534004
 -0.3200001 -0.30661595
 -0.3100001 -0.29781702
 -0.3000001 -0.28894535
 -0.2900001 -0.28000295
 -0.2800001 -0.2709919
 -0.2700001 -0.26191437
 -0.2600001 -0.25277248
 -0.25000012 -0.24356842
 -0.2400001 -0.23430434
 -0.23000011 -0.22498247
 -0.2200001 -0.21560505
 -0.21000011 -0.20617436
 -0.2000001 -0.19669263
 -0.1900001 -0.18716222
 -0.18000011 -0.17758541
 -0.1700001 -0.1679645
 -0.16000012 -0.15830195
 -0.15000011 -0.14860001
 -0.1400001 -0.13886113
 -0.13000011 -0.12908772
 -0.12000011 -0.11928213
 -0.11000011 -0.10944683
 -0.10000011 -0.09958425
 -0.09000011 -0.08969683
 -0.08000011 -0.07978704
 -0.07000011 -0.06985733
 -0.06000011 -0.059910174
 -0.05000011 -0.049948048
 -0.04000011 -0.039973453
 -0.030000111 -0.029988863
 -0.020000111 -0.019996777
 -0.010000112 -0.009999695
 -1.1175871E-7 -1.1175871E-7
 0.009999888 0.009999472
 0.019999888 0.019996554
 0.029999888 0.029988639
 0.039999887 0.03997323
 0.049999885 0.049947828
 0.059999887 0.05990995
 0.06999989 0.069857106
 0.07999989 0.079786815
 0.089999884 0.089696616
 0.09999989 0.099584036
 0.10999989 0.109446615
 0.119999886 0.1192819
 0.12999989 0.1290875
 0.13999988 0.13886091
 0.14999989 0.14859979
 0.15999988 0.15830171
 0.16999988 0.1679643
 0.17999989 0.17758518
 0.18999988 0.187162
 0.19999988 0.19669242
 0.20999989 0.20617415
 0.21999988 0.21560484
 0.22999988 0.22498226
 0.23999989 0.23430413
 0.24999988 0.24356821
 0.25999987 0.2527723
 0.2699999 0.26191416
 0.27999988 0.2709917
 0.28999987 0.2800027
 0.2999999 0.28894514
 0.30999988 0.29781684
 0.31999987 0.30661574
 0.3299999 0.31533986
 0.33999988 0.32398713
 0.34999987 0.33255562
 0.3599999 0.34104338
 0.3699999 0.34944844
 0.37999988 0.35776895
 0.38999987 0.36600304
 0.3999999 0.37414894
 0.40999988 0.3822048
 0.41999987 0.39016885
 0.4299999 0.39803946
 0.43999988 0.40581483
 0.44999987 0.4134934
 0.4599999 0.42107353
 0.46999988 0.4285536
 0.47999987 0.43593213
 0.4899999 0.44320762
 0.49999988 0.45037854
 0.5099999 0.45744348
 0.51999986 0.4644011
 0.52999985 0.47125003
 0.5399999 0.47798896
 0.5499999 0.4846166
 0.5599999 0.49113178
 0.5699999 0.49753326
 0.57999986 0.5038199
 0.58999985 0.5099906
 0.5999999 0.51604426
 0.6099999 0.52198
 0.6199999 0.5277967
 0.6299999 0.53349346
 0.63999987 0.53906935
 0.64999986 0.54452366
 0.65999985 0.5498555
 0.6699999 0.555064
 0.6799999 0.5601486
 0.6899999 0.5651085
 0.69999987 0.56994313
 0.70999986 0.5746519
 0.71999985 0.57923424
 0.7299999 0.5836897
 0.7399999 0.58801776
 0.7499999 0.592218
 0.7599999 0.59629
 0.76999986 0.6002336
 0.77999985 0.6040483
 0.78999984 0.607734
 0.7999999 0.6112905
 0.8099999 0.61471754
 0.8199999 0.61801505
 0.82999986 0.621183
 0.83999985 0.6242213
 0.84999985 0.62713003
 0.8599999 0.62990916
 0.8699999 0.63255876
 0.8799999 0.6350791
 0.88999987 0.63747025
 0.89999986 0.6397325
 0.90999985 0.64186597
 0.91999984 0.6438711
 0.9299999 0.64574814
 0.9399999 0.6474975
 0.94999987 0.6491196
 0.95999986 0.6506149
 0.96999985 0.65198386
 0.97999984 0.65322703
 0.9899999 0.6543449
 0.9999999 0.6553382
 1.0099999 0.65620756
 1.0199999 0.6569535
 1.0299999 0.6575769
 1.0399998 0.65807843
 1.0499998 0.6584588
 1.0599998 0.65871894
 1.0699998 0.65885967
 1.0799999 0.65888184
 1.0899999 0.65878636
 1.0999999 0.65857416
 1.1099999 0.6582463
 1.1199999 0.6578036
 1.1299999 0.65724725
 1.1399999 0.6565782
 1.1499999 0.65579766
 1.1599998 0.6549067
 1.1699998 0.6539064
 1.1799998 0.652798
 1.1899998 0.6515827
 1.1999998 0.65026164
 1.2099999 0.6488361
 1.2199999 0.6473074
 1.2299999 0.6456768
 1.2399999 0.64394563
 1.2499999 0.6421151
 1.2599999 0.6401868
 1.2699999 0.6381619
 1.2799999 0.6360419
 1.2899998 0.63382816
 1.2999998 0.6315221
 1.3099998 0.62912524
 1.3199998 0.626639
 1.3299998 0.62406486
 1.3399999 0.62140435
 1.3499999 0.61865896
 1.3599999 0.6158302
 1.3699999 0.6129196
 1.3799999 0.6099288
 1.3899999 0.60685927
 1.3999999 0.60371256
 1.4099998 0.60049033
 1.4199998 0.59719414
 1.4299998 0.5938256
 1.4399998 0.5903863
 1.4499998 0.5868778
 1.4599998 0.5833019
 1.4699999 0.57966006
 1.4799999 0.57595396
 1.4899999 0.5721852
 1.4999999 0.56835556
 1.5099999 0.5644666
 1.5199999 0.5605199
 1.5299999 0.5565171
 1.5399998 0.5524601
 1.5499998 0.5483502
 1.5599998 0.5441893
 1.5699998 0.5399789
 1.5799998 0.53572077
 1.5899998 0.5314165
 1.5999999 0.5270676
 1.6099999 0.522676
 1.6199999 0.5182431
 1.6299999 0.5137706
 1.6399999 0.5092601
 1.6499999 0.5047133
 1.6599998 0.5001317
 1.6699998 0.49551702
 1.6799998 0.49087074
 1.6899998 0.48619452
 1.6999998 0.48148993
 1.7099998 0.47675857
 1.7199998 0.47200194
 1.7299999 0.46722156
 1.7399999 0.4624191
 1.7499999 0.45759603
 1.7599999 0.45275387
 1.7699999 0.44789407
 1.7799999 0.44301817
 1.7899998 0.4381277
 1.7999998 0.43322408
 1.8099998 0.4283087
 1.8199998 0.4233831
 1.8299998 0.41844866
 1.8399998 0.41350678
 1.8499999 0.4085588
 1.8599999 0.40360624
 1.8699999 0.39865035
 1.8799999 0.39369255
 1.8899999 0.3887341
 1.8999999 0.38377634
 1.9099998 0.37882057
 1.9199998 0.37386802
 1.9299998 0.36892003
 1.9399998 0.36397776
 1.9499998 0.35904244
 1.9599998 0.35411534
 1.9699998 0.34919757
 1.9799999 0.34429026
 1.9899999 0.3393947
 1.9999999 0.33451188
 2.0099998 0.32964304
 2.0199997 0.3247891
 2.0299997 0.31995124
 2.04 0.31513032
 2.05 0.3103276
 2.06 0.305544
 2.07 0.3007805
 2.08 0.29603803
 2.09 0.29131758
 2.1 0.28662005
 2.11 0.2819463
 2.12 0.27729723
 2.1299999 0.2726737
 2.1399999 0.26807657
 2.1499999 0.2635066
 2.1599998 0.2589646
 2.1699998 0.25445136
 2.1799998 0.24996762
 2.1899998 0.24551411
 2.1999998 0.24109152
 2.2099998 0.23670053
 2.2199998 0.23234183
 2.2299998 0.22801606
 2.2399998 0.22372381
 2.2499998 0.21946572
 2.2599998 0.21524236
 2.2699997 0.21105425
 2.2799997 0.20690198
 2.2899997 0.20278604
 2.3 0.1987068
 2.31 0.19466501
 2.32 0.19066097
 2.33 0.1866951
 2.34 0.18276787
 2.35 0.17887963
 2.36 0.17503078
 2.37 0.17122167
 2.3799999 0.16745263
 2.3899999 0.16372399
 2.3999999 0.16003603
 2.4099998 0.15638904
 2.4199998 0.15278329
 2.4299998 0.14921899
 2.4399998 0.1456964
 2.4499998 0.1422157
 2.4599998 0.13877709
 2.4699998 0.13538074
 2.4799998 0.1320268
 2.4899998 0.12871538
 2.4999998 0.12544665
 2.5099998 0.12222067
 2.5199997 0.119037576
 2.5299997 0.11589737
 2.5399997 0.11280013
 2.5499997 0.109745905
 2.56 0.10673465
 2.57 0.10376649
 2.58 0.100841366
 2.59 0.09795925
 2.6 0.095120095
 2.61 0.092323855
 2.62 0.08957047
 2.6299999 0.08685985
 2.6399999 0.08419191
 2.6499999 0.08156654
 2.6599998 0.07898363
 2.6699998 0.07644304
 2.6799998 0.07394461
 2.6899998 0.071488224
 2.6999998 0.06907369
 2.7099998 0.06670083
 2.7199998 0.06436946
 2.7299998 0.062079385
 2.7399998 0.059830386
 2.7499998 0.057622243
 2.7599998 0.055454727
 2.7699997 0.05332759
 2.7799997 0.051240597
 2.7899997 0.04919347
 2.7999997 0.04718596
 2.81 0.04521773
 2.82 0.043288596
 2.83 0.041398212
 2.84 0.03954629
 2.85 0.0377325
 2.86 0.035956547
 2.87 0.034218103
 2.8799999 0.032516833
 2.8899999 0.03085241
 2.8999999 0.02922449
 2.9099998 0.027632726
 2.9199998 0.02607676
 2.9299998 0.02455624
 2.9399998 0.023070803
 2.9499998 0.021620078
 2.9599998 0.020203695
 2.9699998 0.018821271
 2.9799998 0.017472435
 2.9899998 0.016156798
 2.9999998 0.0148739675
 3.0099998 0.01362356
 3.0199997 0.012405174
 3.0299997 0.011218415
 3.0399997 0.010062883
 3.0499997 0.008938173
 3.0599997 0.00784388
 3.07 0.006779572
 3.08 0.005744895
 3.09 0.004739409
 3.1 0.0037627032
 3.11 0.0028143656
 3.12 0.0018939811
 3.1299999 0.0010011358
 3.1399999 0.0001354145
 3.1499999 -0.00070359843
 3.1599998 -0.0015163186
 3.1699998 -0.002303162
 3.1799998 -0.0030645437
 3.1899998 -0.0038008797
 3.1999998 -0.004512585
 3.2099998 -0.005200072
 3.2199998 -0.0058637564
 3.2299998 -0.0065040495
 3.2399998 -0.0071213613
 3.2499998 -0.007716105
 3.2599998 -0.008288683
 3.2699997 -0.008839509
 3.2799997 -0.009368986
 3.2899997 -0.009877513
 3.2999997 -0.010365497
 3.3099997 -0.010833339
 3.3199997 -0.011281427
 3.33 -0.011710172
 3.34 -0.012119944
 3.35 -0.012511146
 3.36 -0.01288416
 3.37 -0.0132393725
 3.3799999 -0.013577165
 3.3899999 -0.013897918
 3.3999999 -0.014202001
 3.4099998 -0.014489794
 3.4199998 -0.0147616565
 3.4299998 -0.015017959
 3.4399998 -0.015259065
 3.4499998 -0.015485331
 3.4599998 -0.01569711
 3.4699998 -0.015894756
 3.4799998 -0.016078616
 3.4899998 -0.01624903
 3.4999998 -0.016406346
 3.5099998 -0.016550895
 3.5199997 -0.016683009
 3.5299997 -0.016803015
 3.5399997 -0.016911242
 3.5499997 -0.017008007
 3.5599997 -0.017093625
 3.5699997 -0.017168412
 3.58 -0.017232673
 3.59 -0.017286709
 3.6 -0.017330825
 3.61 -0.017365312
 3.62 -0.017390458
 3.6299999 -0.017406555
 3.6399999 -0.01741388
 3.6499999 -0.017412718
 3.6599998 -0.01740334
 3.6699998 -0.01738601
 3.6799998 -0.017360996
 3.6899998 -0.01732856
 3.6999998 -0.017288955
 3.7099998 -0.017242435
 3.7199998 -0.017189248
 3.7299998 -0.017129632
 3.7399998 -0.017063826
 3.7499998 -0.016992072
 3.7599998 -0.016914595
 3.7699997 -0.016831616
 3.7799997 -0.016743362
 3.7899997 -0.01665005
 3.7999997 -0.01655189
 3.8099997 -0.016449088
 3.8199997 -0.016341856
 3.8299997 -0.016230386
 3.84 -0.016114876
 3.85 -0.015995521
 3.86 -0.015872505
 3.87 -0.015746012
 3.8799999 -0.01561622
 3.8899999 -0.0154833095
 3.8999999 -0.015347444
 3.9099998 -0.015208798
 3.9199998 -0.015067527
 3.9299998 -0.014923796
 3.9399998 -0.014777759
 3.9499998 -0.014629568
 3.9599998 -0.014479367
 3.9699998 -0.014327304
 3.9799998 -0.014173521
 3.9899998 -0.014018148
 3.9999998 -0.013861325
 4.0099998 -0.0137031805
 4.02 -0.013543826
 4.0299997 -0.013383409
 4.04 -0.013222028
 4.0499997 -0.013059812
 4.06 -0.012896863
 4.0699997 -0.012733295
 4.08 -0.01256921
 4.0899997 -0.012404713
 4.1 -0.0122399
 4.1099997 -0.012074876
 4.12 -0.011909719
 4.1299996 -0.011744538
 4.14 -0.011579395
 4.1499996 -0.011414401
 4.16 -0.011249609
 4.1699996 -0.011085126
 4.18 -0.010921002
 4.1899996 -0.010757329
 4.2 -0.010594164
 4.2099996 -0.010431582
 4.22 -0.01026964
 4.23 -0.0101084
 4.24 -0.009947937
 4.25 -0.009788291
 4.2599998 -0.009629528
 4.27 -0.009471688
 4.2799997 -0.00931484
 4.29 -0.009159008
 4.2999997 -0.009004261
 4.31 -0.008850624
 4.3199997 -0.008698152
 4.33 -0.008546871
 4.3399997 -0.008396832
 4.35 -0.00824806
 4.3599997 -0.008100594
 4.37 -0.007954462
 4.3799996 -0.0078097
 4.39 -0.0076663247
 4.3999996 -0.0075243744
 4.41 -0.007383861
 4.4199996 -0.0072448235
 4.43 -0.007107263
 4.4399996 -0.0069712196
 4.45 -0.006836694
 4.4599996 -0.0067037167
 4.47 -0.00657229
 4.48 -0.006442433
 4.49 -0.0063141678
 4.5 -0.0061874874
 4.5099998 -0.0060624187
 4.52 -0.005938957
 4.5299997 -0.005817119
 4.54 -0.005696901
 4.5499997 -0.0055783186
 4.56 -0.0054613655
 4.5699997 -0.0053460565
 4.58 -0.0052323816
 4.5899997 -0.0051203505
 4.6 -0.005009952
 4.6099997 -0.004901201
 4.62 -0.0047940793
 4.6299996 -0.0046885954
 4.64 -0.0045847395
 4.6499996 -0.0044825133
 4.66 -0.0043819007
 4.6699996 -0.0042829085
 4.68 -0.0041855196
 4.6899996 -0.0040897373
 4.7 -0.003995541
 4.7099996 -0.003902934
 4.72 -0.0038118958
 4.73 -0.0037224244
 4.74 -0.0036345108
 4.75 -0.0035481376
 4.7599998 -0.0034632997
 4.77 -0.003379981
 4.7799997 -0.0032981718
 4.79 -0.003217857
 4.7999997 -0.003139028
 4.81 -0.0030616655
 4.8199997 -0.0029857613
 4.83 -0.0029112957
 4.8399997 -0.0028382617
 4.85 -0.0027666357
 4.8599997 -0.0026964117
 4.87 -0.0026275672
 4.8799996 -0.0025600924
 4.89 -0.0024939664
 4.8999996 -0.0024291785
 4.91 -0.0023657074
 4.9199996 -0.0023035435
 4.93 -0.002242663
 4.9399996 -0.0021830576
 4.95 -0.0021247019
 4.9599996 -0.0020675876
 4.97 -0.002011691
 4.9799995 -0.0019570002
 4.99 -0.0019034953
 5. -0.0018511594
 5.0099998 -0.0017999794
 5.02 -0.0017499332
 5.0299997 -0.0017010081
 5.04 -0.0016531829
 5.0499997 -0.0016064453
 5.06 -0.0015607731
 5.0699997 -0.0015161543
 5.08 -0.0014725679
 5.0899997 -0.0014300002
 5.1 -0.0013884313
 5.1099997 -0.0013478475
 5.12 -0.001308229
 5.1299996 -0.001269563
 5.14 -0.0012318286
 5.1499996 -0.0011950142
 5.16 -0.0011590981
 5.1699996 -0.0011240693
 5.18 -0.0010899074
 5.1899996 -0.0010565992
 5.2 -0.0010241272
 5.2099996 -0.000992477
 5.22 -0.0009616315
 5.2299995 -0.0009315772
 5.24 -0.00090229633
 5.25 -0.00087377505
 5.2599998 -0.0008459997
 5.27 -0.00081895245
 5.2799997 -0.0007926215
 5.29 -0.0007669896
 5.2999997 -0.00074204523
 5.31 -0.000717771
 5.3199997 -0.00069415604
 5.33 -0.00067118363
 5.3399997 -0.0006488425
 5.35 -0.00062711677
 5.3599997 -0.00060599536
 5.37 -0.0005854632
 5.3799996 -0.00056550885
 5.39 -0.0005461179
 5.3999996 -0.00052727957
 5.41 -0.0005089794
 5.4199996 -0.00049120706
 5.43 -0.00047394875
 5.4399996 -0.00045719402
 5.45 -0.0004409298
 5.4599996 -0.00042514587
 5.47 -0.0004098296
 5.4799995 -0.00039497126
 5.49 -0.00038055846
 5.5 -0.00036658088
 5.5099998 -0.00035302874
 5.52 -0.00033989042
 5.5299997 -0.00032715683
 5.54 -0.00031481657
 5.5499997 -0.00030286104
 5.56 -0.00029127937
 5.5699997 -0.00028006313
 5.58 -0.000269202
 5.5899997 -0.00025868765
 5.6 -0.00024851025
 5.6099997 -0.00023866189
 5.62 -0.0002291329
 5.6299996 -0.00021991576
 5.64 -0.00021100127
 5.6499996 -0.00020238223
 5.66 -0.00019404961
 5.6699996 -0.00018599661
 5.68 -0.00017821467
 5.6899996 -0.00017069708
 5.7 -0.00016343576
 5.7099996 -0.00015642423
 5.72 -0.00014965478
 5.7299995 -0.00014312135
 5.74 -0.00013681625
 5.7499995 -0.00013073374
 5.7599998 -0.00012486686
 5.77 -0.000119209464
 5.7799997 -0.000113755756
 5.79 -0.000108499175
 5.7999997 -0.00010343449
 5.81 -0.000098555276
 5.8199997 -0.00009385663
 5.83 -0.00008933245
 5.8399997 -0.000084978026
 5.85 -0.00008078758
 5.8599997 -0.0000767566
 5.87 -0.00007287968
 5.8799996 -0.000069152375
 5.89 -0.00006556963
 5.8999996 -0.00006212719
 5.91 -0.00005882028
 5.9199996 -0.00005564485
 5.93 -0.000052596366
 5.9399996 -0.000049670987
 5.95 -0.000046864458
 5.9599996 -0.000044173037
 5.97 -0.000041592742
 5.9799995 -0.000039120034
 5.99 -0.00003675114
 5.9999995 -0.000034482702
 6.0099998 -0.000032311153
 6.02 -0.000030233266
 6.0299997 -0.000028245862
 6.04 -0.000026345664
 6.0499997 -0.000024529749
 6.06 -0.00002279503
 6.0699997 -0.000021138769
 6.08 -0.000019557987
 6.0899997 -0.000018050165
 6.1 -0.000016612496
 6.1099997 -0.00001524256
 6.12 -0.000013937743
 6.1299996 -0.000012695756
 6.14 -0.000011514147
 6.1499996 -0.00001039077
 6.16 -0.000009323297
 6.1699996 -0.000008309718
 6.18 -0.000007347857
 6.1899996 -0.000006435817
 6.2 -0.00000557156
 6.2099996 -0.0000047533017
 6.22 -0.0000039791403
 6.2299995 -0.000003247389
 6.24 -0.0000025562751
 6.2499995 -0.0000019042157
 6.2599998 -0.0000012895539
 6.27 -7.1077864E-7
 6.2799997 -1.664246E-7
 6.29 3.4500317E-7
 6.2999997 8.248494E-7
 6.31 0.0000012745052
 6.3199997 0.000001695232
 6.33 0.0000020883226
 6.3399997 0.0000024549536
 6.35 0.0000027963308
 6.3599997 0.0000031135517
 6.37 0.0000034077398
 6.3799996 0.000003679912
 6.39 0.0000039311117
 6.3999996 0.0000041622957
 6.41 0.0000043744253
 6.4199996 0.0000045683814
 6.43 0.0000047450676
 6.4399996 0.0000049053033
 6.45 0.0000050499143
 6.4599996 0.000005179666
 6.47 0.0000052953214
 6.4799995 0.00000539759
 6.49 0.000005487177
 6.4999995 0.0000055647442
 6.5099998 0.0000056309295
 6.5199995 0.000005686347
 6.5299997 0.0000057315983
 6.54 0.00000576724
 6.5499997 0.0000057938164
 6.56 0.0000058118535
 6.5699997 0.0000058218543
 6.58 0.0000058242895
 6.5899997 0.000005819622
 6.6 0.0000058082983
 6.6099997 0.0000057907296
 6.62 0.0000057673283
 6.6299996 0.000005738476
 6.64 0.0000057045345
 6.6499996 0.0000056658682
 6.66 0.0000056228064
 6.6699996 0.000005575673
 6.68 0.0000055247715
 6.6899996 0.0000054703974
 6.7 0.000005412832
 6.7099996 0.0000053523327
 6.72 0.000005289155
 6.7299995 0.0000052235487
 6.74 0.0000051557276
 6.7499995 0.0000050859244
 6.7599998 0.000005014331
 6.7699995 0.000004941158
 6.7799997 0.0000048665815
 6.79 0.000004790779
 6.7999997 0.000004713922
 6.81 0.000004636168
 6.8199997 0.000004557667
 6.83 0.0000044785515
 6.8399997 0.000004398968
 6.85 0.000004319033
 6.8599997 0.000004238866
 6.87 0.000004158581
 6.8799996 0.0000040782847
 6.89 0.0000039980696
 6.8999996 0.0000039180377
 6.91 0.0000038382614
 6.9199996 0.000003758831
 6.93 0.0000036798167
 6.9399996 0.0000036012977
 6.95 0.0000035233256
 6.9599996 0.0000034459745
 6.97 0.0000033692875
 6.9799995 0.000003293329
 6.99 0.0000032181374
 6.9999995 0.0000031437623
 7.0099998 0.0000030702383
 7.0199995 0.000002997607
 7.0299997 0.000002925897
 7.04 0.0000028551387
 7.0499997 0.0000027853669
 7.06 0.000002716597
 7.0699997 0.0000026488556
 7.08 0.0000025821544
 7.0899997 0.0000025165193
 7.1 0.000002451957
 7.1099997 0.0000023884868
 7.12 0.0000023261084
 7.1299996 0.0000022648373
 7.14 0.0000022046747
 7.1499996 0.0000021456312
 7.16 0.000002087701
 7.1699996 0.0000020308935
 7.18 0.0000019752
 7.1899996 0.0000019206266
 7.2 0.0000018671648
 7.2099996 0.0000018148139
 7.22 0.0000017635648
 7.2299995 0.000001713415
 7.24 0.0000016643535
 7.2499995 0.0000016163756
 7.2599998 0.0000015694686
 7.2699995 0.0000015236265
 7.2799997 0.0000014788352
 7.29 0.0000014350859
 7.2999997 0.0000013923677
 7.31 0.0000013506652
 7.3199997 0.00000130997
 7.33 0.0000012702632
 7.3399997 0.0000012315353
 7.35 0.0000011937695
 7.3599997 0.0000011569556
 7.37 0.0000011210738
 7.3799996 0.000001086114
 7.39 0.0000010520566
 7.3999996 0.000001018891
 7.41 9.865981E-7
 7.4199996 9.551649E-7
 7.43 9.245725E-7
 7.4399996 8.948102E-7
 7.45 8.658566E-7
 7.4599996 8.3770146E-7
 7.47 8.103245E-7
 7.4799995 7.8371266E-7
 7.49 7.578485E-7
 7.4999995 7.3271895E-7
 7.5099998 7.0830515E-7
 7.5199995 6.8459474E-7
 7.5299997 6.615693E-7
 7.5399995 6.392166E-7
 7.5499997 6.175191E-7
 7.56 5.964625E-7
 7.5699997 5.760334E-7
 7.58 5.5621456E-7
 7.5899997 5.36994E-7
 7.6 5.1835485E-7
 7.6099997 5.0028535E-7
 7.62 4.8276917E-7
 7.6299996 4.6579484E-7
 7.64 4.493469E-7
 7.6499996 4.334133E-7
 7.66 4.179796E-7
 7.6699996 4.03034E-7
 7.68 3.885626E-7
 7.6899996 3.745543E-7
 7.7 3.6099502E-7
 7.7099996 3.478744E-7
 7.72 3.3517884E-7
 7.7299995 3.228983E-7
 7.74 3.1101982E-7
 7.7499995 2.9953367E-7
 7.7599998 2.8842743E-7
 7.7699995 2.77692E-7
 7.7799997 2.6731493E-7
 7.7899995 2.5728752E-7
 7.7999997 2.4759862E-7
 7.81 2.382389E-7
 7.8199997 2.2919886E-7
 7.83 2.2046821E-7
 7.8399997 2.120388E-7
 7.85 2.0390078E-7
 7.8599997 1.9604596E-7
 7.87 1.8846518E-7
 7.8799996 1.811506E-7
 7.89 1.740935E-7
 7.8999996 1.6728661E-7
 7.91 1.6072133E-7
 7.9199996 1.543907E-7
 7.93 1.482869E-7
 7.9399996 1.424033E-7
 7.95 1.3673231E-7
 7.9599996 1.3126754E-7
 7.97 1.2600182E-7
 7.9799995 1.2092931E-7
 7.99 1.1604323E-7
 7.9999995 1.1133782E-7
 8.009999 1.0680701E-7
 8.0199995 1.0244477E-7
 8.03 9.824555E-8
 8.04 9.420407E-8
 8.049999 9.031536E-8
 8.059999 8.6573536E-8
 8.07 8.297396E-8
 8.08 7.951163E-8
 8.09 7.618197E-8
 8.099999 7.298069E-8
 8.11 6.990276E-8
 8.12 6.694417E-8
 8.13 6.4100604E-8
 8.139999 6.1368404E-8
 8.15 5.874312E-8
 8.16 5.622121E-8
 8.17 5.3798882E-8
 8.179999 5.1472885E-8
 8.19 4.923932E-8
 8.2 4.7095053E-8
 8.21 4.5036842E-8
 8.219999 4.306164E-8
 8.23 4.116613E-8
 8.24 3.9347558E-8
 8.25 3.7603076E-8
 8.259999 3.5930086E-8
 8.2699995 3.432555E-8
 8.28 3.278712E-8
 8.29 3.131231E-8
 8.299999 2.9898846E-8
 8.309999 2.8544088E-8
 8.32 2.7245983E-8
 8.33 2.6002365E-8
 8.34 2.4811138E-8
 8.349999 2.3670385E-8
 8.36 2.25779E-8
 8.37 2.1531957E-8
 8.38 2.0530734E-8
 8.389999 1.9572568E-8
 8.4 1.8655586E-8
 8.41 1.7778213E-8
 8.42 1.6938918E-8
 8.429999 1.6136248E-8
 8.44 1.5368599E-8
 8.45 1.4634606E-8
 8.46 1.3932944E-8
 8.469999 1.3262362E-8
 8.48 1.2621475E-8
 8.49 1.2009134E-8
 8.5 1.1424149E-8
 8.509999 1.0865463E-8
 8.5199995 1.0331896E-8
 8.53 9.822454E-9
 8.54 9.336116E-9
 8.549999 8.871993E-9
 8.559999 8.429039E-9
 8.57 8.00642E-9
 8.58 7.603263E-9
 8.59 7.218771E-9
 8.599999 6.8521544E-9
 8.61 6.502598E-9
 8.62 6.169402E-9
 8.63 5.8518626E-9
 8.639999 5.5493175E-9
 8.65 5.2610742E-9
 8.66 4.9865365E-9
 8.67 4.7251048E-9
 8.679999 4.4762167E-9
 8.69 4.2392925E-9
 8.7 4.013809E-9
 8.71 3.7992653E-9
 8.719999 3.595185E-9
 8.73 3.4010774E-9
 8.74 3.2164997E-9
 8.75 3.0410274E-9
 8.759999 2.874263E-9
 8.7699995 2.7157818E-9
 8.78 2.565215E-9
 8.79 2.4222047E-9
 8.799999 2.2864148E-9
 8.809999 2.157489E-9
 8.82 2.035116E-9
 8.83 1.918999E-9
 8.84 1.8088374E-9
 8.849999 1.7043648E-9
 8.86 1.6052917E-9
 8.87 1.5113778E-9
 8.88 1.422372E-9
 8.889999 1.3380502E-9
 8.9 1.2581736E-9
 8.91 1.182533E-9
 8.92 1.1109283E-9
 8.929999 1.0431653E-9
 8.94 9.790473E-10
 8.95 9.184016E-10
 8.96 8.610559E-10
 8.969999 8.068552E-10
 8.98 7.5563117E-10
 8.99 7.0724054E-10
 9. 6.6154415E-10
 9.009999 6.18409E-10
 9.0199995 5.776973E-10
 9.03 5.39291E-10
 9.04 5.0307275E-10
 9.049999 4.689326E-10
 9.059999 4.3675955E-10
 9.07 4.0645332E-10
 9.08 3.7791775E-10
 9.09 3.5105993E-10
 9.099999 3.2579534E-10
 9.11 3.0203454E-10
 9.12 2.7970062E-10
 9.13 2.5871771E-10
 9.139999 2.3901525E-10
 9.15 2.2052056E-10
 9.16 2.0317091E-10
 9.17 1.869033E-10
 9.179999 1.7166032E-10
 9.19 1.5738277E-10
 9.2 1.4401894E-10
 9.21 1.3151806E-10
 9.219999 1.1983316E-10
 9.23 1.08915654E-10
 9.24 9.872384E-11
 9.25 8.921604E-11
 9.259999 8.035404E-11
 9.2699995 7.209912E-11
 9.28 6.4416826E-11
 9.29 5.7273637E-11
 9.299999 5.0638688E-11
 9.309999 4.4480537E-11
 9.32 3.8771396E-11
 9.33 3.348447E-11
 9.34 2.8594106E-11
 9.349999 2.4076623E-11
 9.36 1.9908325E-11
 9.37 1.6068024E-11
 9.38 1.25352385E-11
 9.389999 9.290975E-12
 9.4 6.3163103E-12
 9.41 3.5943126E-12
 9.42 1.1086675E-12
 9.429999 -1.1558118E-12
 9.44 -3.2140937E-12
 9.45 -5.0796685E-12
 9.46 -6.765473E-12
 9.469999 -8.283562E-12
 9.48 -9.645712E-12
 9.49 -1.08626086E-11
 9.5 -1.1944452E-11
 9.509999 -1.2900746E-11
 9.5199995 -1.3740695E-11
 9.53 -1.44727424E-11
 9.54 -1.5104817E-11
 9.549999 -1.564439E-11
 9.559999 -1.6098602E-11
 9.57 -1.6474063E-11
 9.58 -1.6776911E-11
 9.589999 -1.7012967E-11
 9.599999 -1.7187753E-11
 9.61 -1.7306302E-11
 9.62 -1.7373464E-11
 9.63 -1.739364E-11
 9.639999 -1.7371035E-11
 9.65 -1.7309577E-11
 9.66 -1.7212865E-11
 9.67 -1.7084334E-11
 9.679999 -1.6927187E-11
 9.69 -1.6744274E-11
 9.7 -1.6538444E-11
 9.71 -1.6312186E-11
 9.719999 -1.6067947E-11
 9.73 -1.5807843E-11
 9.74 -1.5533958E-11
 9.75 -1.524815E-11
 9.759999 -1.4952244E-11
 9.7699995 -1.4647762E-11
 9.78 -1.433624E-11
 9.79 -1.4019022E-11
 9.799999 -1.3697442E-11
 9.809999 -1.3372567E-11
 9.82 -1.3045504E-11
 9.83 -1.2717225E-11
 9.839999 -1.2388634E-11
 9.849999 -1.2060478E-11
 9.86 -1.1733532E-11
 9.87 -1.1408463E-11
 9.88 -1.10858675E-11
 9.889999 -1.0766308E-11
 9.9 -1.04502075E-11
 9.91 -1.0138039E-11
 9.92 -9.830187E-12
 9.929999 -9.52701E-12
 9.94 -9.228765E-12
 9.95 -8.935715E-12
 9.96 -8.6481E-12
 9.969999 -8.366129E-12
 9.98 -8.089923E-12
 9.99 -7.819618E-12
 10. -7.555335E-12
