 0. 50. 25.
 0.019999999552965164 48.42353583080258 27.04019330936912
 0.03999999910593033 46.70242265113216 29.15053977069697
 0.05999999865889549 44.85029035160366 31.31341661905895
 0.07999999821186066 42.88417744971621 33.50847955085377
 0.09999999776482582 40.824096814319134 35.71321042152003
 0.11999999731779099 38.69240328952188 37.90363960364002
 0.13999999687075615 36.51300135915795 40.055198169063885
 0.1599999964237213 34.310450607122384 42.14363749162854
 0.17999999597668648 32.10903939971315 44.14594385246523
 0.19999999552965164 29.931900498895438 46.041175271915264
 0.2199999950826168 27.800235640573188 47.811157265433906
 0.23999999463558197 25.732700930671207 49.44099170520445
 0.25999999418854713 23.744984272596852 50.919355145346856
 0.2799999937415123 21.849583755353848 52.23858589724607
 0.29999999329447746 20.05577563210817 53.39457921905755
 0.3199999928474426 18.36974488923876 54.386524677715734
 0.3399999924004078 16.79484179830163 55.21652793054804
 0.35999999195337296 15.331924294686152 55.8891610726745
 0.3799999915063381 13.97974757555235 56.41098249520737
 0.3999999910593033 12.735367448694536 56.79006057815405
 0.41999999061226845 11.594531073994109 57.03552722667497
 0.4399999901652336 10.552036405661859 57.15717870796031
 0.4599999897181988 9.602048825084958 57.1651334936708
 0.47999998927116394 8.738369519606207 57.069550451635465
 0.4999999888241291 7.954654840113788 56.88040597613736
 0.5199999883770943 7.244589153870578 56.60732544458647
 0.5399999879300594 6.602015757967638 56.259462524704844
 0.5599999874830246 6.021031472238295 55.845419045105096
 0.5799999870359898 5.496050844926881 55.373198091372466
 0.5999999865889549 5.021845715232691 54.85018343918267
 0.6199999861419201 4.593565379083482 54.28313917469851
 0.6399999856948853 4.20674194729244 53.67822422259137
 0.6599999852478504 3.8572847746013843 53.04101739401804
 0.6799999848008156 3.5414671436211482 52.37654941112825
 0.6999999843537807 3.2559077506780287 51.6893391220155
 0.7199999839067459 2.9975489818455716 50.9834317729956
 0.7399999834597111 2.763633493786376 50.26243775068644
 0.7599999830126762 2.5516802234202562 49.52957065038946
 0.7799999825656414 2.359460635798719 48.78768388033877
 0.7999999821186066 2.184975771408324 48.03930528610029
 0.8199999816715717 2.0264344622514012 47.28666948863395
 0.8399999812245369 1.8822329406053084 46.53174778534449
 0.8599999807775021 1.7509359563934845 45.77627557658535
 0.8799999803304672 1.6312594408291636 45.02177735975728
 0.8999999798834324 1.5220546988523842 44.269589387038955
 0.9199999794363976 1.4222940754712632 43.520880117159685
 0.9399999789893627 1.331058017080809 42.77666861148175
 0.9599999785423279 1.2475234347084359 42.03784103394059
 0.979999978095293 1.1709532692211067 41.30516541614883
 0.9999999776482582 1.100687156739769 40.579304845538886
 1.0199999772012234 1.0361330942558453 39.86082922755543
 1.0399999767541885 0.9767600095406292 39.15022576391975
 1.0599999763071537 0.9220911449995941 38.44790827882315
 1.0799999758601189 0.8716981715073073 37.75422551424905
 1.099999975413084 0.8251959550054396 37.06946850494842
 1.1199999749660492 0.7822379054354653 36.39387713322219
 1.1399999745190144 0.7425118441919555 35.72764595380514
 1.1599999740719795 0.7057363325814382 35.07092936992185
 1.1799999736249447 0.6716574096711497 34.42384623306079
 1.1999999731779099 0.6400456933672967 33.78648393120885
 1.219999972730875 0.6106938035576359 33.15890202319849
 1.2399999722838402 0.5834140706916082 32.541135470416435
 1.2599999718368053 0.5580364972691324 31.93319751136758
 1.2799999713897705 0.5344069433907517 31.335082219436387
 1.2999999709427357 0.5123855108159887 30.746766779590025
 1.3199999704957008 0.4918451029145838 30.16821351567596
 1.339999970048666 0.4726701405082728 29.599371696331843
 1.3599999696016312 0.45475541591978946 29.04017914430291
 1.3799999691545963 0.4380050696003126 28.49056367110796
 1.3999999687075615 0.4223316755242461 27.95044435647037
 1.4199999682605267 0.4076554231465615 27.419732689698947
 1.4399999678134918 0.3939033851363196 26.898333588231722
 1.459999967366457 0.38100886135162415 26.386146306814915
 1.4799999669194221 0.3689107906252634 25.883065249252
 1.4999999664723873 0.35755322290380676 25.388980693300837
 1.5199999660253525 0.3468848451412432 24.90377943809887
 1.5399999655783176 0.336858555104991 24.427345382438457
 1.5599999651312828 0.327431077919356 23.95956004128042
 1.579999964684248 0.31856262075994696 23.500303007068453
 1.5999999642372131 0.31021656163162675 23.04945236167787
 1.6199999637901783 0.30235916862059914 22.606885044187315
 1.6399999633431435 0.29495934641555177 22.17247717909176
 1.6599999628961086 0.2879884072498424 21.746104369070373
 1.6799999624490738 0.2814198637322078 21.327641955975864
 1.699999962002039 0.2752292413123801 20.916965253316015
 1.7199999615550041 0.26939390837469906 20.513949753146864
 1.7399999611079693 0.2638929221711528 20.118471309985697
 1.7599999606609344 0.258706888998653 19.730406304075363
 1.7799999602138996 0.25381783719671436 19.349631786085887
 1.7999999597668648 0.2492091016936698 18.976025605120892
 1.81999995931983 0.244865218964406 18.60946652170212
 1.839999958872795 0.24077183138235236 18.249834307232327
 1.8599999584257603 0.23691560005487414 17.897009831282734
 1.8799999579787254 0.23328412532585585 17.550875137913835
 1.8999999575316906 0.22986587421348348 17.211313512115677
 1.9199999570846558 0.22665011412624295 16.878209537344308
 1.939999956637621 0.22362685226700696 16.551449145033203
 1.959999956190586 0.220786780194714 16.23091965687096
 1.9799999557435513 0.2181212230663717 15.916509820558284
 1.9999999552965164 0.21562209312966685 15.608109839687044
 2.0199999548494816 0.21328184707897455 15.305611398321362
 2.0399999544024467 0.21109344692558932 15.008907680804265
 2.059999953955412 0.2090503240670552 14.717893387262766
 2.079999953508377 0.20714634627098258 14.432464745238777
 2.0999999530613422 0.20537578731610143 14.15251951783231
 2.1199999526143074 0.20373329905785417 13.877957008706666
 2.1399999521672726 0.2022138857078826 13.608678064272116
 2.1599999517202377 0.20081288013658252 13.344585073334791
 2.179999951273203 0.1995259220257256 13.085581964470512
 2.199999950826168 0.1983489377141929 12.831574201359036
 2.2199999503791332 0.19727812159431762 12.582468776292265
 2.2399999499320984 0.19630991892936386 12.338174202050128
 2.2599999494850636 0.19544100997442043 12.098600502319954
 2.2799999490380287 0.19466829529360022 11.863659200818926
 2.299999948590994 0.19398888217602062 11.633263309264544
 2.319999948143959 0.1934000720617067 11.407327314324732
 2.339999947696924 0.1928993488963997 11.185767163667174
 2.3599999472498894 0.19248436834135116 10.968500251216536
 2.3799999468028545 0.1921529477706147 10.755445401718319
 2.3999999463558197 0.191903056994178 10.546522854699075
 2.419999945908785 0.19173280965056747 10.341654247904549
 2.43999994546175 0.1916404552173609 10.140762600289854
 2.459999945014715 0.1916243715924069 9.943772294629055
 2.4799999445676804 0.19168305820251647 9.750609059805335
 2.4999999441206455 0.19181512960000108 9.56119995283737
 2.5199999436736107 0.19201930951071688 9.375473340692373
 2.539999943226576 0.19229442530026716 9.193358881931676
 2.559999942779541 0.1926394028277434 9.014787508230425
 2.579999942332506 0.19305326165887346 8.839691405809136
 2.5999999418854713 0.19353511061271672 8.668003996811304
 2.6199999414384365 0.19408414361811993 8.499659920658056
 2.6399999409914017 0.19469963585804365 8.33459501540786
 2.659999940544367 0.19538094018160254 8.172746299146679
 2.679999940097332 0.19612748376524894 8.014051951431425
 2.699999939650297 0.1969387650059816 7.858451294807399
 2.7199999392032623 0.19781435063079228 7.705884776418289
 2.7399999387562275 0.19875387300778286 7.556293949725467
 2.7599999383091927 0.19975702764550404 7.409621456351582
 2.779999937862158 0.20082357086809466 7.265811008061888
 2.799999937415123 0.20195331765474311 7.124807368895316
 2.819999936968088 0.2031461396328598 6.986556337455959
 2.8399999365210533 0.20440196321514614 6.851004729374478
 2.8599999360740185 0.20572076787147922 6.718100359947782
 2.8799999356269836 0.207102584527206 6.587792026964395
 2.899999935179949 0.20854749408006332 6.460029493721922
 2.919999934732914 0.21005562602851224 6.334763472242264
 2.939999934285879 0.2116271572048046 6.211945606689395
 2.9599999338388443 0.2132623106065866 6.091528456993841
 2.9799999333918095 0.21496135432129518 5.973465482687355
 2.9999999329447746 0.21672460053801826 5.857711026950673
 3.01999993249774 0.2185524046418747 5.7442203008767185
 3.039999932050705 0.22044516438632542 5.632949367951114
 3.05999993160367 0.22240331913915592 5.523855128751416
 3.0799999311566353 0.22442734919817542 5.416895305866073
 3.0999999307096004 0.22651777517295982 5.312028429033743
 3.1199999302625656 0.2286751574292275 5.209213820503247
 3.1399999298155308 0.2309000955926797 5.10841158061414
 3.159999929368496 0.23319322810936238 5.009582573597598
 3.179999928921461 0.23555523185981553 4.91268841359704
 3.1999999284744263 0.23798682182447067 4.817691450907707
 3.2199999280273914 0.24048875079793766 4.724554758434172
 3.2399999275803566 0.24306180914998998 4.633242118364595
 3.2599999271333218 0.24570682463121454 4.543718009060333
 3.279999926686287 0.24842466222143775 4.455947592159394
 3.299999926239252 0.25121622401917504 4.369896699892042
 3.3199999257922173 0.2540824491704785 4.285531822606784
 3.3399999253451824 0.25702431383567503 4.2028200965048095
 3.3599999248981476 0.26004283119259813 4.121729291580877
 3.3799999244511127 0.2631390514750198 4.042227799768565
 3.399999924004078 0.26631406204508523 3.964284623287689
 3.419999923557043 0.2695689874986437 3.887869363191657
 3.4399999231100082 0.2729049898024539 3.812952208112444
 3.4599999226629734 0.2763232684623203 3.739503923200838
 3.4799999222159386 0.27982506072129315 3.6674958392595483
 3.4999999217689037 0.28341164178713335 3.596899842066733
 3.519999921321869 0.28708432508830933 3.5276883618874773
 3.539999920874834 0.2908444625578552 3.459834363170722
 3.5599999204277992 0.2946934449444773 3.393311334429119
 3.5799999199807644 0.29863270215035126 3.3280932782992827
 3.5999999195337296 0.3026637035951026 3.2641547017798866
 3.6199999190866947 0.30678795860551344 3.2014706066450493
 3.63999991863966 0.3110070168305442 3.140016480030458
 3.659999918192625 0.31532246868130076 3.079768285189663
 3.67999991774559 0.3197359457956216 3.0207024524179937
 3.6999999172985554 0.3242491215269961 2.962795870141544
 3.7199999168515205 0.328863711457564 2.906025876168684
 3.7399999164044857 0.33358147393497944 2.850370249101574
 3.759999915957451 0.33840421063295884 2.795807199905156
 3.779999915510416 0.3433337671353611 2.7423153636311244
 3.799999915063381 0.34837203354368185 2.689873791294391
 3.8199999146163464 0.3535209451078696 2.6384619418995725
 3.8399999141693115 0.3587824828804022 2.5880596746150615
 3.8599999137222767 0.3641586743935865 2.538647241092243
 3.879999913275242 0.3696515943600707 2.4902052779274655
 3.899999912828207 0.37526336539658295 2.442714799264373
 3.919999912381172 0.3809961587709335 2.3961571895342555
 3.9399999119341373 0.38685219517234065 2.3505141963320737
 3.9599999114871025 0.39283374550516126 2.305767923425864
 3.9799999110400677 0.39894313170612966 2.261900823897237
 3.999999910593033 0.4051827275852281 2.2188956934107216
 4.019999910145998 0.4115549596903313 2.176735663609734
 4.039999909698963 0.41806230819578805 2.1354041956369687
 4.059999909251928 0.42470730781512084 2.09488507377705
 4.0799999088048935 0.43149254873804227 2.055162399219302
 4.099999908357859 0.4384206775920058 2.016220583938531
 4.119999907910824 0.44549439842852473 1.9780443446917333
 4.139999907463789 0.4527164737345112 1.940618697128684
 4.159999907016754 0.46008972546890237 1.903928950014379
 4.179999906569719 0.4676170361248592 1.86796069956134
 4.1999999061226845 0.4753013498178367 1.8326998238698187
 4.21999990567565 0.4831456733998428 1.7981324774739647
 4.239999905228615 0.4911530776002173 1.7642450859920544
 4.25999990478158 0.49932669819327774 1.7310243408789028
 4.279999904334545 0.5076697371931944 1.6984571942786129
 4.29999990388751 0.5161854640764725 1.6665308539758446
 4.3199999034404755 0.5248772170324326 1.6352327784438152
 4.339999902993441 0.533748404242098 1.604550671987269
 4.359999902546406 0.5428025051859092 1.5744724799786873
 4.379999902099371 0.5520430719807038 1.5449863841860325
 4.399999901652336 0.5614737307464116 1.5160807981903524
 4.419999901205301 0.5710981830029314 1.4877443628915967
 4.4399999007582664 0.5809202070976699 1.4599659421010254
 4.459999900311232 0.5909436596642381 1.4327346182186156
 4.479999899864197 0.6011724771128132 1.4060396879939023
 4.499999899417162 0.6116106771526922 1.3798706583687128
 4.519999898970127 0.6222623603475755 1.3542172424002823
 4.539999898523092 0.633131711704133 1.3290693552632649
 4.559999898076057 0.6442230022944225 1.304417110329179
 4.579999897629023 0.6555405909127436 1.280250815321852
 4.599999897181988 0.6670889257675241 1.2565609685474537
 4.619999896734953 0.6788725462088537 1.233338255197737
 4.639999896287918 0.6908960844922928 1.2105735437251215
 4.659999895840883 0.7031642675795995 1.1882578822882877
 4.679999895393848 0.7156819189770356 1.166382495266969
 4.699999894946814 0.7284539606119246 1.1449387798446535
 4.719999894499779 0.7414854147481533 1.1239183026579318
 4.739999894052744 0.7547814059413229 1.1033127965112492
 4.759999893605709 0.7683471630342714 1.0831141571558454
 4.779999893158674 0.7821880211937068 1.0633144401316825
 4.799999892711639 0.7963094239887054 1.0439058576711924
 4.819999892264605 0.8107169255118466 1.0248807756636877
 4.83999989181757 0.8254161925437726 1.0062317106793093
 4.859999891370535 0.8404130067619783 0.9879513270513997
 4.8799998909235 0.8557132669946529 0.9700324340162159
 4.899999890476465 0.8713229915204151 0.9524679829089148
 4.91999989002943 0.8872483204147966 0.9352510644147639
 4.9399998895823956 0.9034955179443503 0.9183749058745523
 4.959999889135361 0.9200709750092779 0.9018328686431941
 4.979999888688326 0.9369812116354855 0.8856184455005397
 4.999999888241291 0.9542328795170008 0.8697252581134256
 5.019999887794256 0.9718327646096974 0.8541470545480158
 5.039999887347221 0.9897877897772981 0.838877706831505
 5.0599998869001865 1.0081050174906416 0.823911208562273
 5.079999886453152 1.0267916525812206 0.8092416725675974
 5.099999886006117 1.0458550450500192 0.7948633286080509
 5.119999885559082 1.0653026929326959 0.7807705211277264
 5.139999885112047 1.0851422452221788 0.766957707049451
 5.159999884665012 1.1053815048497642 0.7534194536141677
 5.1799998842179775 1.1260284317258242 0.7401504362636805
 5.199999883770943 1.1470911458412572 0.7271454365659745
 5.219999883323908 1.1685779304308306 0.7143993401823435
 5.239999882876873 1.1904972351995935 0.7019071348755671
 5.259999882429838 1.212857679613551 0.689663908558403
 5.279999881982803 1.2356680562558235 0.6776648473816719
 5.2999998815357685 1.2589373342495294 0.6659052338612296
 5.319999881088734 1.282674662748657 0.6543804450431369
 5.339999880641699 1.306889374498215 0.643085950706354
 5.359999880194664 1.3315909894649711 0.632017311602301
 5.379999879747629 1.3567892185401158 0.6211701777306413
 5.399999879300594 1.3824939673152117 0.6105402866506614
 5.4199998788535595 1.4087153399328134 0.6001234618276339
 5.439999878406525 1.4354636430131664 0.5899156110135668
 5.45999987795949 1.4627493896584214 0.5799127246617575
 5.479999877512455 1.4905833035358238 0.5701108743745823
 5.49999987706542 1.5189763230413644 0.5605062113839719
 5.519999876618385 1.5479396055454047 0.5510949650640314
 5.5399998761713505 1.5774845317218147 0.5418734414752846
 5.559999875724316 1.607622709962189 0.532838021940032
 5.579999875277281 1.6383659808767332 0.5239851616483309
 5.599999874830246 1.6697264218834418 0.515311388294115
 5.619999874383211 1.7017163518872105 0.5068133007409928
 5.639999873936176 1.7343483360505638 0.49848756771727076
 5.6599998734891415 1.7676351906576941 0.4903309265397687
 5.679999873042107 1.801589988073547 0.4823401818660052
 5.699999872595072 1.8362260617997113 0.4745122044743479
 5.719999872148037 1.8715570116288984 0.4668439300717365
 5.739999871701002 1.9075967088998322 0.45933235812860385
 5.759999871253967 1.944359301854389 0.45197455074063225
 5.7799998708069324 1.9818592210988648 0.44476763151700094
 5.799999870359898 2.020111185171272 0.4377087844947932
 5.819999869912863 2.0591302062165986 0.4307952530792486
 5.839999869465828 2.098931595771986 0.42402433900956144
 5.859999869018793 2.1395309706638233 0.41739340134994285
 5.879999868571758 2.1809442590187724 0.4108998555056793
 5.899999868124723 2.2231877063907723 0.40454117226393815
 5.919999867677689 2.266277882006103 0.3983148768590874
 5.939999867230654 2.3102316851286107 0.39221854806231377
 5.959999866783619 2.3550663515472356 0.3862498172953421
 5.979999866336584 2.400799460187999 0.38040636776807585
 5.999999865889549 2.4474489398526424 0.3746859336399987
 6.019999865442514 2.495033076086142 0.3690862992051952
 6.03999986499548 2.5435705181753394 0.3636052981008696
 6.059999864548445 2.593080286280963 0.3582408125392614
 6.07999986410141 2.6435817787053413 0.35299077256287753
 6.099999863654375 2.6950947792981297 0.3478531553229842
 6.11999986320734 2.7476394650024027 0.34282598438132195
 6.139999862760305 2.8012364135434815 0.3379073290350335
 6.159999862313271 2.855906611262898 0.3330953036648168
 6.179999861866236 2.9116714610999077 0.3283880671063423
 6.199999861419201 2.968552790722994 0.32378382204499895
 6.219999860972166 3.02657286081382 0.31928081443406386
 6.239999860525131 3.0857543735061053 0.3148773329364158
 6.259999860078096 3.146120480981915 0.3105717083899472
 6.2799998596310616 3.2076947942278733 0.30636231329685887
 6.299999859184027 3.2705013919538155 0.30224756133705644
 6.319999858736992 3.3345648296764088 0.2982259069059021
 6.339999858289957 3.399910148970275 0.29429584467661335
 6.359999857842922 3.4665628868891636 0.2904559091876391
 6.379999857395887 3.534549085559709 0.28670467445538533
 6.3999998569488525 3.6038953019503204 0.2830407536127057
 6.419999856501818 3.674628617817742 0.2794627985736194
 6.439999856054783 3.7467766498338073 0.2759694997247671
 6.459999855607748 3.8203675598949105 0.27255958564416793
 6.479999855160713 3.8954300656166914 0.26923182284789565
 6.499999854713678 3.971993451016412 0.26598501556534987
 6.5199998542666435 4.050087577385474 0.2628180055438613
 6.539999853819609 4.129742894354498 0.2597296718834353
 6.559999853372574 4.210990451153339 0.25671893090250847
 6.579999852925539 4.293861908068367 0.2537847360356679
 6.599999852478504 4.378389548099297 0.2509260777643628
 6.619999852031469 4.46460628881778 0.24814198358172268
 6.6399998515844345 4.552545694429895 0.24543151799268773
 6.6599998511374 4.642241988044612 0.2427937825507544
 6.679999850690365 4.733730064150195 0.24022791593274226
 6.69999985024333 4.827045501300417 0.23773309405310014
 6.719999849796295 4.92222457501234 0.23530853021938805
 6.73999984934926 5.019304270877284 0.23295347533069943
 6.7599998489022255 5.118322297886483 0.23066721812092447
 6.779999848455191 5.219317101972727 0.2284490854489024
 6.799999848008156 5.322327879769173 0.2262984426376679
 6.819999847561121 5.427394592586245 0.22421469386516607
 6.839999847114086 5.534557980607392 0.22219728260899224
 6.859999846667051 5.643859577304194 0.22024569214790882
 6.8799998462200165 5.755341724071046 0.21835944612310132
 6.899999845772982 5.869047585079408 0.21653810916236313
 6.919999845325947 5.985021162351222 0.21478128757064238
 6.939999844878912 6.103307311050817 0.21308863009064793
 6.959999844431877 6.22395175499421 0.2114598287374957
 6.979999843984842 6.347001102374288 0.20989461971168302
 6.9999998435378075 6.472502861699933 0.20839278439501044
 7.019999843090773 6.600505457946615 0.2069541504344276
 7.039999842643738 6.731058248915463 0.20557859291916816
 7.059999842196703 6.864211541797211 0.20426603565695622
 7.079999841749668 7.000016609936753 0.20301645255552112
 7.099999841302633 7.138525709793367 0.20182986911614798
 7.1199998408555984 7.279792098090832 0.20070636404652395
 7.139999840408564 7.423870049150859 0.1996460710007171
 7.159999839961529 7.570814872402295 0.19864918045475138
 7.179999839514494 7.720682930057549 0.1977159417269207
 7.199999839067459 7.873531654946592 0.19684666515272423
 7.219999838620424 8.029419568497635 0.19604172442510756
 7.239999838173389 8.18840629885231 0.19530155911156769
 7.259999837726355 8.35055259910166 0.19462667736062994
 7.27999983727932 8.51592036562774 0.19401765881124
 7.299999836832285 8.684572656533838 0.19347515771974097
 7.31999983638525 8.856573710144449 0.1929999063203352
 7.339999835938215 9.031988963554062 0.1925927184362708
 7.35999983549118 9.210885071201572 0.19225449336045647
 7.379999835044146 9.393329923444632 0.19198622002580695
 7.399999834597111 9.57939266510554 0.19178898148736778
 7.419999834150076 9.769143713957316 0.19166395974017897
 7.439999833703041 9.96265477911534 0.19161244089892748
 7.459999833256006 10.159998879296403 0.19163582076772728
 7.479999832808971 10.361250360903062 0.1917356108308739
 7.499999832361937 10.56648491588697 0.19191344469816993
 7.519999831914902 10.775779599340112 0.1921710850414347
 7.539999831467867 10.98921284675776 0.19251043106212296
 7.559999831020832 11.206864490911299 0.19293352653361504
 7.579999830573797 11.428815778262843 0.19344256846574082
 7.599999830126762 11.655149384846775 0.19403991644349813
 7.6199998296797276 11.885949431535813 0.1947281026967689
 7.639999829232693 12.121301498600964 0.19550984296317003
 7.659999828785658 12.361292639465644 0.1963880482120552
 7.679999828338623 12.606011393544234 0.19736583730416885
 7.699999827891588 12.855547798044329 0.19844655066861192
 7.719999827444553 13.109993398599762 0.1996337650866852
 7.7399998269975185 13.369441258588118 0.20093130968091685
 7.759999826550484 13.633985966971593 0.20234328321724743
 7.779999826103449 13.903723644483765 0.2038740728390486
 7.799999825656414 14.178751947966726 0.20552837436350585
 7.819999825209379 14.459170072643056 0.20731121428403787
 7.839999824762344 14.745078752085005 0.20922797363700515
 7.8599998243153095 15.0365802556187 0.21128441390714642
 7.879999823868275 15.333778382874106 0.21348670516416524
 7.89999982342124 15.6367784551613 0.21584145664288434
 7.919999822974205 15.945687303320188 0.21835575000163365
 7.93999982252717 16.260613251653695 0.22103717551831295
 7.959999822080135 16.581666097513164 0.22389387151117776
 7.9799998216331005 16.908957086058816 0.226934567302187
 7.999999821186066 17.242598879666982 0.23016863007511346
 8.01999982073903 17.582705521398985 0.2336061160189993
 8.039999820291996 17.929392391883006 0.23725782619043997
 8.059999819844961 18.28277615888954 0.24113536757616957
 8.079999819397926 18.64297471880199 0.24525121989114573
 8.099999818950891 19.010107129095672 0.24961880870751935
 8.119999818503857 19.384293530839702 0.25425258557735747
 8.139999818056822 19.76565506012585 0.25916811588770294
 8.159999817609787 20.15431374720459 0.26438217527157376
 8.179999817162752 20.550392401970004 0.26991285549403904
 8.199999816715717 20.95401448427962 0.2757796808399404
 8.219999816268682 21.365303957420686 0.28200373615072233
 8.239999815821648 21.784385122838348 0.28860780779398043
 8.259999815374613 22.21138243402076 0.2956165390027624
 8.279999814927578 22.64642028718821 0.3030566011946732
 8.299999814480543 23.089622786154315 0.31095688307607916
 8.319999814033508 23.541113478412868 0.3193486995571679
 8.339999813586473 24.001015059149662 0.32826602275271816
 8.359999813139439 24.46944903947879 0.3377457376250516
 8.379999812692404 24.94653537475186 0.34782792514419925
 8.399999812245369 25.432392048279063 0.3585561762008592
 8.419999811798334 25.927134605225334 0.3699779399159736
 8.4399998113513 26.43087563079403 0.38214491045323
 8.459999810904264 26.94372416607441 0.39511345696489825
 8.47999981045723 27.465785054096145 0.40894510189554445
 8.499999810010195 27.997158207691307 0.4237070535418499
 8.51999980956316 28.53793778969652 0.43947279953077856
 8.539999809116125 29.088211294818894 0.45632276874485933
 8.55999980866909 29.648058521119786 0.47434507020610145
 8.579999808222055 30.217550417519217 0.49363631854445633
 8.59999980777502 30.79674779196685 0.5143025569400391
 8.619999807327986 31.385699862936182 0.536460289859765
 8.639999806880951 31.984442634647024 0.5602376395299671
 8.659999806433916 32.59299707387459 0.5857756419204243
 8.679999805986881 33.21136706332488 0.6132297000876863
 8.699999805539846 33.83953710330612 0.642771215064319
 8.719999805092812 34.47746972976163 0.6745894171152151
 8.739999804645777 35.12510261260479 0.7088934231432227
 8.759999804198742 35.78234529366433 0.7459145493454472
 8.779999803751707 36.449075518358356 0.7859089119294239
 8.799999803304672 37.12513510942121 0.8291603528233389
 8.819999802857637 37.81032532456281 0.8759837318800949
 8.839999802410603 38.5044016328092 0.926728632096332
 8.859999801963568 39.20706783642975 0.9817835298462254
 8.879999801516533 39.91796945679687 1.0415804880476254
 8.899999801069498 40.636686293272234 1.1066004364873323
 8.919999800622463 41.36272405433914 1.1773791101441475
 8.939999800175428 42.09550494983284 1.2545137231164922
 8.959999799728394 42.83435712247695 1.3386704624608903
 8.979999799281359 43.578502786345986 1.4305928925473133
 8.999999798834324 44.3270449298344 1.531111365964394
 9.019999798387289 45.07895243192092 1.6411535409018536
 9.039999797940254 45.83304343395203 1.7617561063949254
 9.05999979749322 46.587966806166854 1.8940778146165496
 9.079999797046185 47.342181550545675 2.0394139119258514
 9.09999979659915 48.093933991670056 2.199212045497736
 9.119999796152115 48.84123262824864 2.375089697312367
 9.13999979570508 49.58182055380108 2.5688531585548215
 9.159999795258045 50.31314541079465 2.782518000635122
 9.17999979481101 51.0323269246476 3.018330918607983
 9.199999794363976 51.73612218022994 3.2787927121067098
 9.21999979391694 52.42088896311587 3.5666820201489604
 9.239999793469906 53.082547701696036 3.885079230322295
 9.259999793022871 53.71654282645065 4.237389730046424
 9.279999792575836 54.31780472204161 4.627365347704487
 9.299999792128801 54.880713898855234 5.059122435129288
 9.319999791681767 55.39906956346114 5.53715456351655
 9.339999791234732 55.866065427329445 6.066337240919021
 9.359999790787697 56.27427635602591 6.651921418843738
 9.379999790340662 56.61566030799813 7.2995118603553255
 9.399999789893627 56.88158090167838 8.015025735789912
 9.419999789446592 57.06285680955793 8.804626166861262
 9.439999788999557 57.14984489524363 9.674624964605057
 9.459999788552523 57.13256442267596 10.631348653663645
 9.479999788105488 57.00086956125046 11.680962242812233
 9.499999787658453 56.74467652391035 12.829246326386183
 9.519999787211418 56.35424971562477 14.081325238956417
 9.539999786764383 55.82054795619971 15.44134737009104
 9.559999786317348 55.13562697002749 16.912123525506324
 9.579999785870314 54.293087870830846 18.494735370819406
 9.599999785423279 53.28855355421892 20.188133216997823
 9.619999784976244 52.12014636928084 21.988750041106197
 9.63999978452921 50.788932239933395 23.890165611754153
 9.659999784082174 49.299290028021105 25.882859472931322
 9.67999978363514 47.65916210047041 27.954092716674378
 9.699999783188105 45.88014443175393 30.087954471783938
 9.71999978274107 43.977383262310035 32.26559896092702
 9.739999782294035 41.96926046056484 34.4656829662939
 9.759999781847 39.87687006858884 36.664993052007475
 9.779999781399965 37.723311425997714 38.83922968691188
 9.79999978095293 35.5328461201449 40.96389515278451
 9.819999780505896 33.32998289681274 43.0152175791643
 9.83999978005886 31.138563371453596 44.971037551171854
 9.859999779611826 28.980920240195463 46.81158778518417
 9.879999779164791 26.877169036110956 48.52010963345559
 9.899999778717756 24.844676533027535 50.08327010722616
 9.919999778270721 22.897727149516673 51.49136600545941
 9.939999777823687 21.047386974935407 52.73832371974669
 9.959999777376652 19.30154660164194 53.821521167144084
 9.979999776929617 17.665110917217795 54.74147015982484
 9.999999776482582 16.140297138505616 55.50140284808504
 10.019999776035547 14.727001208014682 56.1068053645614
 10.039999775588512 13.42319597212948 56.56493690883458
 10.059999775141478 12.225330723695116 56.88436498264689
 10.079999774694443 11.128709166327903 57.07453894700906
 10.099999774247408 10.12783038603136 57.14541580156133
 10.119999773800373 9.216684140049617 57.10714491848462
 10.139999773353338 8.388997230049483 56.96981281325025
 10.159999772906303 7.638431773233969 56.74324498715296
 10.179999772459269 6.958738897804508 56.43685929626205
 10.199999772012234 6.34387297035757 56.05956393438158
 10.219999771565199 5.788072163844749 55.61969267080669
 10.239999771118164 5.285911245232181 55.12497017687325
 10.25999977067113 4.832332120266267 54.58250086951933
 10.279999770224094 4.422657093280655 53.99877550831985
 10.29999976977706 4.052589112053322 53.37969066918678
 10.319999769330025 3.7182025602945843 52.73057709237409
 10.33999976888299 3.415927489613047 52.05623370945447
 10.359999768435955 3.1425295802429556 51.36096486481908
 10.37999976798892 2.895087599428222 50.648618851563654
 10.399999767541885 2.670969690613082 49.922626380710234
 10.41999976709485 2.467809470936625 49.186038004809966
 10.439999766647816 2.2834826306426725 48.44155983375218
 10.45999976620078 2.116084505990669 47.69158712489232
 10.479999765753746 1.9639089269921977 46.93823551395902
 10.499999765306711 1.8254285133320622 46.18336978909995
 10.519999764859676 1.6992764977353219 45.428630207929395
 10.539999764412642 1.584230088584697 44.67545642505918
 10.559999763965607 1.4791953367480832 43.92510914235233
 10.579999763518572 1.3831934404252635 43.1786896217145
 10.599999763071537 1.2953484024265924 42.43715721514038
 10.619999762624502 1.2148759435482113 41.70134507248784
 10.639999762177467 1.141073571193795 40.97197418677733
 10.659999761730433 1.073311702260251 40.24966593177338
 10.679999761283398 1.0110257421527291 39.53495323874318
 10.699999760836363 0.9537090265763779 38.828290549744786
 10.719999760389328 0.9009065386987867 38.1300626743992
 10.739999759942293 0.85220932083124 37.44059266643152
 10.759999759495258 0.8072495065443168 36.760148825730425
 10.779999759048223 0.7656959058417362 36.08895092154036
 10.799999758601189 0.7272500824844511 35.42717572283526
 10.819999758154154 0.6916428686705507 34.77496191302226
 10.839999757707119 0.6586312679698106 34.13241445793292
 10.859999757260084 0.627995702653591 33.49960848858563
 10.87999975681305 0.5995375663442049 32.87659275343053
 10.899999756366014 0.5730770472421862 32.2633926886843
 10.91999975591898 0.5484511910950137 31.660013149885994
 10.939999755471945 0.5255121765731907 31.066440842908918
 10.95999975502491 0.5041257788490043 30.48264648829922
 10.979999754577875 0.48416999996105115 29.908586748930794
 10.99999975413084 0.46553384702492123 29.344205947520944
 11.019999753683805 0.4481162415474807 28.789437597498345
 11.03999975323677 0.4318250450475789 28.24420576801206
 11.059999752789736 0.4165761879063762 27.708426301480376
 11.079999752342701 0.40229288989036555 27.182007899965942
 11.099999751895666 0.38890496213190273 26.66485309479775
 11.119999751448631 0.3763481815358953 26.15685911221299
 11.139999751001596 0.36456372962542627 25.657918646337077
 11.159999750554562 0.353497688759787 25.1679205495358
 11.179999750107527 0.3431005894701827 24.686750449039767
 11.199999749660492 0.33332700337415627 24.21429129773979
 11.219999749213457 0.3241351767609787 23.750423866167583
 11.239999748766422 0.3154867004969943 23.295027181894422
 11.259999748319387 0.30734621239110727 22.84797892188981
 11.279999747872353 0.2996811285941216 22.40915576277113
 11.299999747425318 0.2924614009884295 21.978433693334907
 11.319999746978283 0.28565929786267763 21.555688293281648
 11.339999746531248 0.27924920546488535 21.140794981622637
 11.359999746084213 0.2732074482917531 20.733629237881225
 11.379999745637178 0.26751212620572085 20.334066798868122
 11.399999745190144 0.26214296667834724 19.941983833514584
 11.419999744743109 0.25708119064196927 19.557257097984735
 11.439999744296074 0.2523093905941761 19.179764073055075
 11.459999743849039 0.24781141974384516 18.809383085541604
 11.479999743402004 0.2435722911155068 18.445993415370438
 11.49999974295497 0.23957808564252805 18.089475389723226
 11.519999742507935 0.23581586838069946 17.73971046554217
 11.5399997420609 0.23227361206374583 17.396581301548657
 11.559999741613865 0.22894012730234892 17.0599718208128
 11.57999974116683 0.22580499879960345 16.729767264806977
 11.599999740719795 0.22285852701943137 16.405854239783125
 11.61999974027276 0.22009167480122913 16.088120756230367
 11.639999739825726 0.2174960184646985 15.776456262094634
 11.65999973937869 0.2150637029940979 15.47075167037527
 11.679999738931656 0.21278740093164963 15.170899381653465
 11.699999738484621 0.210660274646086 14.876793302053613
 11.719999738037586 0.20867594167478318 14.588328857090309
 11.739999737590551 0.20682844286703195 14.305403001810255
 11.759999737143517 0.20511221308209976 14.027914227599299
 11.779999736696482 0.20352205421917308 13.755762565989608
 11.799999736249447 0.20205311037732293 13.488849589770357
 11.819999735802412 0.20070084496256568 13.227078411676722
 11.839999735355377 0.19946101957612206 12.970353680906237
 11.859999734908342 0.1983296745333132 12.71858157768834
 11.879999734461308 0.19730311087635094 12.471669806111896
 11.899999734014273 0.19637787375674007 12.229527585396587
 11.919999733567238 0.1955507370742557 11.99206563977683
 11.939999733120203 0.19481868926961343 11.759196187151396
 11.959999732673168 0.1941789201771272 11.530832926637816
 11.979999732226133 0.19362880885194936 11.306891025157963
 11.999999731779099 0.193165912293999 11.087287103169578
 12.019999731332064 0.192787954997487 10.871939219648084
 12.039999730885029 0.19249281926111148 10.660766856413508
 12.059999730437994 0.19227853619958896 10.453690901888647
 12.07999972999096 0.1921432774022607 10.250633634366828
 12.099999729543924 0.19208534718912276 10.051518704860413
 12.11999972909689 0.19210317541881597 9.856271119594748
 12.139999728649855 0.1921953108069211 9.664817222206292
 12.15999972820282 0.19236041471637097 9.47708467569834
 12.179999727755785 0.19259725538494685 9.293002444202791
 12.19999972730875 0.19290470255770312 9.112500774591979
 12.219999726861715 0.19328172249478667 8.935511177980475
 12.23999972641468 0.19372737332751017 8.761966411153093
 12.259999725967646 0.19424080073772285 8.591800457951885
 12.27999972552061 0.19482123393751877 8.424948510651854
 12.299999725073576 0.19546798192814657 8.261346951352243
 12.319999724626541 0.1961804300186539 8.100933333407731
 12.339999724179506 0.19695803658632752 7.943646362921432
 12.359999723732471 0.19780033006238856 7.789425880319485
 12.379999723285437 0.1987069061276856 7.638212842025033
 12.399999722838402 0.19967742510430284 7.489949302247562
 12.419999722391367 0.20071160953008052 7.344578394901966
 12.439999721944332 0.20180924190403451 7.202044315670127
 12.459999721497297 0.20297016259157216 7.062292304216487
 12.479999721050262 0.204194267879238 6.925268626567752
 12.499999720603228 0.20548150816949196 6.790920557665781
 12.519999720156193 0.20683188630673063 6.659196364101578
 12.539999719709158 0.20824545602641453 6.530045287037409
 12.559999719262123 0.209722320519764 6.403417525323118
 12.579999718815088 0.21126263110704133 6.279264218811931
 12.599999718368053 0.2128665860129462 6.1575374318803044
 12.619999717921019 0.21453442923812396 6.038190137155661
 12.639999717473984 0.2162664495212212 5.921176199455266
 12.659999717026949 0.21806297938632516 5.806450359938905
 12.679999716579914 0.21992439427099586 5.693968220477534
 12.69999971613288 0.22185111173044403 5.583686228239549
 12.719999715685844 0.22384359071372567 5.475561660495952
 12.73999971523881 0.22590233090811992 5.369552609645233
 12.759999714791775 0.22802787214812975 5.265617968458479
 12.77999971434474 0.23022079388579872 5.163717415544858
 12.799999713897705 0.23248171471927212 5.06381140103733
 12.81999971345067 0.23481129197674913 4.965861132498195
 12.839999713003635 0.23721022135317557 4.869828561043802
 12.8599997125566 0.23967923659721505 4.775676367687538
 12.879999712109566 0.24221910924621207 4.683367949900021
 12.899999711662531 0.24483064840702326 4.592867408385215
 12.919999711215496 0.24751470058074523 4.504139534071035
 12.939999710768461 0.25027214952950905 4.417149795312869
 12.959999710321426 0.2531039161836429 4.3318643253082785
 12.979999709874392 0.2560109585876285 4.248249909721051
 12.999999709427357 0.25899427188339064 4.166273974512658
 13.019999708980322 0.2620548883295676 4.085904573979069
 13.039999708533287 0.26519387735551037 4.007110378990802
 13.059999708086252 0.2684123456488519 3.929860665434004
 13.079999707639217 0.2717114372755767 3.854125302850295
 13.099999707192183 0.2750923338316021 3.779874743273054
 13.119999706745148 0.2785562546249615 3.707080010257773
 13.139999706298113 0.28210445688775043 3.6357126881040562
 13.159999705851078 0.2857382360170663 3.5657449112668265
 13.179999705404043 0.28945892584423494 3.4971493539542458
 13.199999704957008 0.29326789893167865 3.4298992199098537
 13.219999704509974 0.2971665668968368 3.363968232376396
 13.239999704062939 0.30115638076260254 3.2993306242388103
 13.259999703615904 0.30523883133379104 3.235961128343815
 13.279999703168869 0.309415449599201 3.1738349679935594
 13.299999702721834 0.3136878071588773 3.112927847610767
 13.3199997022748 0.31805751667622445 3.0532159435728308
 13.339999701827765 0.32252623235466055 2.9946758952123
 13.35999970138073 0.32709565043854105 2.937284795981222
 13.379999700933695 0.3317675097381164 2.8810201847768053
 13.39999970048666 0.33654359217832325 2.8258600374258784
 13.419999700039625 0.3414257233712409 2.7717827583256374
 13.43999969959259 0.34641577321207706 2.7187671722381945
 13.459999699145555 0.35151565649857536 2.6667925162364465
 13.47999969869852 0.35672733357376685 2.6158384317988097
 13.499999698251486 0.3620528109920148 2.565884957050385
 13.519999697804451 0.3674941422083275 2.5169125191481427
 13.539999697357416 0.3730534282909395 2.468901926807726
 13.559999696910381 0.3787328186571861 2.4218343629695185
 13.579999696463346 0.3845345118327181 2.375691377601622
 13.599999696016312 0.3904607562341272 2.3304548806374323
 13.619999695569277 0.3965138509750734 2.286107135045519
 13.639999695122242 0.40269614669602694 2.2426307500295475
 13.659999694675207 0.4090100464177567 2.200008674356002
 13.679999694228172 0.4154580064187182 2.1582241898075054
 13.699999693781137 0.422042537136512 2.1172609047595463
 13.719999693334103 0.42876620409360133 2.0771027478784667
 13.739999692887068 0.43563162884749806 2.0377339619385855
 13.759999692440033 0.44264148996564145 1.999139097756358
 13.779999691992998 0.4497985240252122 1.9613030082395082
 13.799999691545963 0.45710552663814147 1.9242108425490978
 13.819999691098928 0.4645653535015906 1.8878480403725202
 13.839999690651894 0.4721809214741939 1.8522003263054438
 13.859999690204859 0.47995520967837163 1.8172537043407555
 13.879999689757824 0.48789126062903887 1.7829944524625811
 13.899999689310789 0.4959921813890472 1.749409117343496
 13.919999688863754 0.5042611447517162 1.7164845091430616
 13.93999968841672 0.5127013904508229 1.6842076964058557
 13.959999687969685 0.5213162263984346 1.652566001057193
 13.97999968752265 0.5301090299509861 1.6215469934947608
 13.999999687075615 0.5390832492040135 1.5911384877744228
 14.01999968662858 0.5482424043159765 1.5613285368884726
 14.039999686181545 0.5575900888616112 1.5321054281346482
 14.05999968573451 0.5671299712152743 1.5034576785742435
 14.079999685287476 0.57686579596475 1.4753740305776823
 14.09999968484044 0.5868013853560087 1.4478434474559496
 14.119999684393406 0.5969406407694207 1.4208551091762973
 14.139999683946371 0.6072875442279401 1.394398408160674
 14.159999683499336 0.6178461599377931 1.3684629451653494
 14.179999683052301 0.6286206358622166 1.3430385252402361
 14.199999682605267 0.6396152053288073 1.318115153766432
 14.219999682158232 0.6508341886710598 1.2936830325705355
 14.239999681711197 0.6622819949046828 1.2697325561143133
 14.259999681264162 0.6739631234393015 1.2462543077583172
 14.279999680817127 0.6858821658261667 1.223239056098083
 14.299999680370092 0.6980438075425062 1.2006777513715583
 14.319999679923058 0.7104528298131733 1.1785615219364383
 14.339999679476023 0.7231141114702566 1.1568816708161063
 14.359999679028988 0.7360326308513376 1.1356296723129053
 14.379999678581953 0.7492134677370915 1.114797168687484
 14.399999678134918 0.7626618053289499 1.0943759669029898
 14.419999677687883 0.776382932267553 1.0743580354328988
 14.439999677240849 0.7903822446927414 1.0547355011312989
 14.459999676793814 0.8046652483458502 1.0355006461644622
 14.479999676346779 0.8192375607150847 1.0166459050025654
 14.499999675899744 0.8341049132247782 0.9981638614704369
 14.51999967545271 0.8492731534693436 0.9800472458562356
 14.539999675005674 0.8647482474927521 0.9622889320769786
 14.55999967455864 0.8805362821143876 0.9448819348998646
 14.579999674111605 0.8966434673021445 0.9278194072183538
 14.59999967366457 0.9130761385936542 0.9110946373819881
 14.619999673217535 0.9298407595665426 0.8947010465789559
 14.6399996727705 0.9469439243586406 0.8786321862704206
 14.659999672323465 0.96439236023909 0.8628817356756588
 14.67999967187643 0.9821929302313009 0.8474434993070654
 14.699999671429396 1.0003526357887425 0.8323114045541065
 14.71999967098236 1.0188786195245627 0.817479499315318
 14.739999670535326 1.0377781679960583 0.8029419496774662
 14.759999670088291 1.0570587145450283 0.7886930376410031
 14.779999669641256 1.0767278421950743 0.7747271588909703
 14.799999669194221 1.0967932866069225 0.7610388206125197
 14.819999668747187 1.1172629390928703 0.7476226393502371
 14.839999668300152 1.1381448496914763 0.7344733389104746
 14.859999667853117 1.1594472303036367 0.7215857483059103
 14.879999667406082 1.181178457891214 0.7089547997415736
 14.899999666959047 1.2033470777394002 0.6965755266415906
 14.919999666512012 1.2259618067840292 0.6844430617159186
 14.939999666064978 1.2490315370050635 0.6725526350663567
 14.959999665617943 1.272565338887513 0.6608995723311348
 14.979999665170908 1.2965724649510633 0.6494792928673992
 14.999999664723873 1.3210623533497128 0.6382873079709278
 15.019999664276838 1.346044631542746 0.6273192191324249
 15.039999663829803 1.3715291200383894 0.6165707163297609
 15.059999663382769 1.3975258362115273 0.6060375763555342
 15.079999662935734 1.42404499819687 0.5957156611793542
 15.099999662488699 1.451097028859006 0.5856009163442513
 15.119999662041664 1.4786925598407796 0.5756893693966427
 15.13999966159463 1.506842435691473 0.5659771283492913
 15.159999661147594 1.5355577180762905 0.5564603801767127
 15.17999966070056 1.5648496900686757 0.5471353893425018
 15.199999660253525 1.5947298605270088 0.5379984963580599
 15.21999965980649 1.6252099685572707 0.529046116372223
 15.239999659359455 1.656301988063276 0.5202747377913053
 15.25999965891242 1.688018132386112 0.5116809209290831
 15.279999658465385 1.720370859034444 0.5032612966862654
 15.29999965801835 1.7533728745073784 0.49501256525900494
 15.319999657571316 1.7870371392116007 0.4869314948760245
 15.339999657124281 1.821376872474532 0.4790149205639434
 15.359999656677246 1.8564055576552834 0.4712597429404072
 15.379999656230211 1.8921369473552054 0.4636629270346357
 15.399999655783176 1.9285850687298685 0.4562215011350224
 15.419999655336142 1.9657642289043327 0.4489325556634312
 15.439999654889107 2.003689020493596 0.4417932420758529
 15.459999654442072 2.0423743272301422 0.43480077178909937
 15.479999653995037 2.08183532970053 0.42795241513322874
 15.499999653548002 2.122087511193007 0.4212455003294114
 15.519999653100967 2.163146663658152 0.41467741249296197
 15.539999652653933 2.2050288937845735 0.40824559266128074
 15.559999652206898 2.24775062919174 0.40194753684646245
 15.579999651759863 2.2913286247420257 0.39578079511235
 15.599999651312828 2.3357799689740943 0.38974297067582675
 15.619999650865793 2.3811220906597743 0.38383171903215985
 15.639999650418758 2.427372765486598 0.3780447471042252
 15.659999649971724 2.4745501228682163 0.372379812415464
 15.679999649524689 2.5226726528849115 0.3668347222864406
 15.699999649077654 2.5717592133564837 0.3614073330548914
 15.719999648630619 2.6218290370497797 0.3560955493191753
 15.739999648183584 2.6729017390231893 0.35089732320505823
 15.75999964773655 2.7249973241104404 0.3458106536557868
 15.779999647289515 2.7781361945460525 0.340833585745429
 15.79999964684248 2.8323391577348374 0.3359642100154844
 15.819999646395445 2.887627434167848 0.33120066183479097
 15.83999964594841 2.94402266548721 0.32654112078278313
 15.859999645501375 3.0015469227022766 0.3219838100561815
 15.87999964505434 3.060222714559575 0.31752699589922445
 15.899999644607306 3.1200729960690285 0.31316898705758195
 15.91999964416027 3.181121177188948 0.30890813425612196
 15.939999643713236 3.243391131672307 0.30474282970073496
 15.959999643266201 3.306907206076819 0.30067150660445463
 15.979999642819166 3.371694228941347 0.29669263873815116
 15.999999642372131 3.437777520131184 0.29280474000611073
 16.019999641925097 3.5051829003547392 0.289006364046856
 16.03999964147806 3.5739367008541736 0.2852961038596048
 16.059999641031027 3.6440657732725166 0.28167259145681034
 16.079999640583992 3.7155974996997987 0.27813449754327274
 16.099999640136957 3.788559802900711 0.274680531222364
 16.119999639689922 3.862981156726302 0.2713094397299609
 16.139999639242887 3.938890596712189 0.2680200081967384
 16.159999638795853 4.016317730865746 0.2648110594395362
 16.179999638348818 4.095292750644687 0.26168145378257596
 16.199999637901783 4.175846442129451 0.2586300889093741
 16.219999637454748 4.258010197391718 0.2556558997462702
 16.239999637007713 4.341816026061351 0.25275785837856657
 16.25999963656068 4.4272965670940225 0.24993497400035916
 16.279999636113644 4.514485100741665 0.24718629289922747
 16.29999963566661 4.603415560727859 0.24451089847704657
 16.319999635219574 4.694122546630149 0.24190791130828498
 16.33999963477254 4.786641336471211 0.2393764892372604
 16.359999634325504 4.881007899520651 0.23691582751594126
 16.37999963387847 4.977258909309122 0.23452515898400578
 16.399999633431435 5.075431756856292 0.23220375429300374
 16.4199996329844 5.1755645641140475 0.22995092217660826
 16.439999632537365 5.27769619762615 0.2277660097690981
 16.45999963209033 5.381866282405377 0.22564840297437572
 16.479999631643295 5.488115216028966 0.22359752688800238
 16.49999963119626 5.596484182952958 0.22161284627492234
 16.519999630749226 5.707015169045784 0.21969386610575162
 16.53999963030219 5.819750976341162 0.21784013215472808
 16.559999629855156 5.934735238010068 0.21605123166265527
 16.57999962940812 6.052012433551211 0.21432679406842925
 16.599999628961086 6.17162790419907 0.2126664918130122
 16.61999962851405 6.293627868548165 0.21107004122001483
 16.639999628067017 6.418059438391781 0.20953720345736995
 16.65999962761998 6.544970634772887 0.20806778558492728
 16.679999627172947 6.67441040424446 0.20666164169317375
 16.699999626725912 6.806428635335865 0.2053186741386901
 16.719999626278877 6.9410761752212915 0.20403883488239294
 16.739999625831842 7.078404846585563 0.2028221269370872
 16.759999625384808 7.218467464681905 0.20166860593136884
 16.779999624937773 7.361317854575389 0.20057838179747647
 16.799999624490738 7.507010868564928 0.199551620591296
 16.819999624043703 7.655602403775662 0.19858854645338012
 16.83999962359667 7.807149419912545 0.19768944372055888
 16.859999623149633 7.961709957164732 0.19685465919849318
 16.8799996227026 8.119343154249128 0.196084604606367
 16.899999622255564 8.280109266580007 0.19537975920583245
 16.91999962180853 8.444069684550149 0.19474067262732067
 16.939999621361494 8.61128695190719 0.1941679679079207
 16.95999962091446 8.781824784207135 0.19366234475621424
 16.979999620467424 8.955748087324928 0.19322458306074877
 16.99999962002039 9.1331229759998 0.19285554666024324
 17.019999619573355 9.314016792390767 0.19255618739516206
 17.03999961912632 9.498498124614969 0.1923275494619782
 17.059999618679285 9.686636825238736 0.1921707740932872
 17.07999961823225 9.87850402968811 0.19208710458894915
 17.099999617785215 10.074172174542111 0.19207789172564063
 17.11999961733818 10.273715015668314 0.19214459957461455
 17.139999616891146 10.477207646156117 0.1922888117601134
 17.15999961644411 10.684726513998639 0.19251223819378532
 17.179999615997076 10.896349439469173 0.1928167223236397
 17.19999961555004 11.11215563213269 0.19320424893957824
 17.219999615103006 11.33222570742693 0.19367695258138515
 17.23999961465597 11.556641702741036 0.19423712659928813
 17.259999614208937 11.785487092912476 0.19488723292185758
 17.279999613761902 12.01884680505507 0.19562991259113638
 17.299999613314867 12.256807232622185 0.19646799713054006
 17.319999612867832 12.499456248599575 0.19740452081729548
 17.339999612420797 12.74688321771173 0.19844273393805778
 17.359999611973763 12.999179007513927 0.1995861171139339
 17.379999611526728 13.256435998229325 0.20083839678952642
 17.399999611079693 13.518748091176189 0.2022035619898836
 17.419999610632658 13.786210715614686 0.20368588245950273
 17.439999610185623 14.058920833825312 0.20528992830889706
 17.45999960973859 14.336976944211871 0.20702059130682862
 17.479999609291553 14.620479082200701 0.20888310797027515
 17.49999960884452 14.909528818684322 0.21088308461969846
 17.519999608397484 15.204229255731724 0.21302652458439594
 17.53999960795045 15.504685019258575 0.21531985776185084
 17.559999607503414 15.811002248318694 0.21776997275627932
 17.57999960705638 16.1232885806425 0.22038425184526397
 17.599999606609344 16.44165313400876 0.22317060904975444
 17.61999960616231 16.7662064829919 0.22613753161213931
 17.639999605715275 17.097060630578433 0.22929412521991904
 17.65999960526824 17.434328974091475 0.23265016334916255
 17.679999604821205 17.778126264801827 0.23621614114288353
 17.69999960437417 18.12856856053635 0.24000333428527043
 17.719999603927135 18.48577317051891 0.2440238633839539
 17.7399996034801 18.849858591594913 0.24829076442989378
 17.759999603033066 19.220944434896094 0.2528180659687986
 17.77999960258603 19.59915134189693 0.25762087369014536
 17.799999602138996 19.984600888695926 0.2627154632208621
 17.81999960169196 20.37741547722283 0.268119382001713
 17.839999601244926 20.77771821192465 0.2738515612267034
 17.85999960079789 21.18563276031693 0.2799324389408736
 17.879999600350857 21.601283195600022 0.2863840955213753
 17.899999599903822 22.02479381933024 0.29323040291264074
 17.919999599456787 22.45628896189977 0.300497189150951
 17.939999599009752 22.895892758313604 0.30821241989927695
 17.959999598562717 23.343728896452888 0.3164063989227429
 17.979999598115683 23.799920334676838 0.32511198967167365
 17.999999597668648 24.264588985235658 0.33436486040661023
 18.019999597221613 24.737855359537992 0.34420375560210587
 18.039999596774578 25.21983817083248 0.35467079670830237
 18.059999596327543 25.710653889316223 0.36581181573666427
 18.07999959588051 26.210416244064835 0.37767672557497967
 18.099999595433474 26.719235665480117 0.39031993143382715
 18.11999959498644 27.237218661160586 0.40380078839012157
 18.139999594539404 27.764467117205456 0.41818411063210364
 18.15999959409237 28.30107751594968 0.43354073873445764
 18.179999593645334 28.84714005998059 0.4499481721136741
 18.1999995931983 29.402737690987678 0.467491274745356
 18.219999592751265 29.967944990525552 0.48626306328155267
 18.23999959230423 30.542826948103823 0.5063655879038331
 18.259999591857195 31.12743758013068 0.5279109176050283
 18.27999959141016 31.721818381100995 0.5510222431297683
 18.299999590963125 32.3259965860032 0.5758351125436356
 18.31999959051609 32.93998322018719 0.6024988163676018
 18.339999590069056 33.563770909849595 0.6311779414351959
 18.35999958962202 34.19733142281172 0.6620541151332213
 18.379999589174986 34.8406129053445 0.6953279645030179
 18.39999958872795 35.493536776387344 0.7312213178393644
 18.419999588280916 36.15599423556506 0.7699796799591527
 18.43999958783388 36.82784233588088 0.8118750162513694
 18.459999587386847 37.508899565807944 0.8572088849893469
 18.47999958693981 38.198940878675465 0.9063159622045217
 18.499999586492777 38.897692099719414 0.9595680086957047
 18.519999586045742 39.604823632926156 1.017378334469752
 18.539999585598707 40.319943380853694 1.0802068220440344
 18.559999585151672 41.042588781017265 1.1485655765179188
 18.579999584704638 41.77221785227711 1.2230252770190753
 18.599999584257603 42.50819913414379 1.304222310861199
 18.619999583810568 43.249800391300745 1.39286677822931
 18.639999583363533 43.99617594535529 1.4897514610280598
 18.659999582916498 44.74635248647395 1.5957618541116787
 18.679999582469463 45.49921320999002 1.7118873596670903
 18.69999958202243 46.25348011846442 1.8392337449667064
 18.719999581575394 47.00769432962759 1.9790369586037173
 18.73999958112836 47.7601942372495 2.1326783887698157
 18.759999580681324 48.5090913880644 2.301701626659212
 18.77999958023429 49.25224396702583 2.487830765505921
 18.799999579787254 49.98722782999431 2.6929902170607463
 18.81999957934022 50.71130509325639 2.9193259574782005
 18.839999578893185 51.421390390187 3.1692280174830625
 18.85999957844615 52.114015045535936 3.44535389999452
 18.879999577999115 52.78528960741245 3.7506524335909464
 18.89999957755208 53.43086542763279 4.088387342782969
 18.919999577105045 54.04589630525115 4.462159525954004
 18.93999957665801 54.62500161852898 4.875926669260942
 18.959999576210976 55.162232878680534 5.334018381766933
 18.97999957576394 55.651046252101835 5.841144509658458
 18.999999575316906 56.084284316778486 6.402393679038385
 19.01999957486987 56.45417113117748 7.023218442988105
 19.039999574422836 56.75232556917158 7.709402702952779
 19.0599995739758 56.96979875422697 8.467006396041988
 19.079999573528767 57.09714221556682 9.302281881006852
 19.099999573081732 57.12451394828107 10.221556149718744
 19.119999572634697 57.04182969676595 11.231073116379472
 19.139999572187662 56.83896625359618 12.336791014758928
 19.159999571740627 56.50602209214573 13.544131614745414
 19.179999571293592 56.03363794065201 14.857680801347554
 19.199999570846558 55.41337571358204 16.280844234033964
 19.219999570399523 54.63814842578566 17.815467380472548
 19.239999569952488 53.7026864390054 19.461436025266135
 19.259999569505453 52.60401708132621 21.216280892621736
 19.27999956905842 51.341926214017995 23.074817397031456
 19.299999568611383 49.91936301047918 25.028857459198917
 19.31999956816435 48.34274470521004 27.06703323244749
 19.339999567717314 46.62211808931306 29.174770904850227
 19.35999956727028 44.771140467867355 31.334445289179282
 19.379999566823244 42.806855241756026 33.525732344843675
 19.39999956637621 40.74925559428627 35.726157972838074
 19.419999565929174 38.62065190121692 37.911819620192134
 19.43999956548214 36.44488117028246 40.05823576937485
 19.459999565035105 34.246416165669714 42.14126108575331
 19.47999956458807 32.04944428027404 44.13799523429102
 19.499999564141035 29.87698929420984 46.027613205794474
 19.519999563694 27.75014237488437 47.79205454871168
 19.539999563246965 25.687453501109573 49.416526350908384
 19.55999956279993 23.704513969187495 50.88979685289636
 19.579999562352896 21.813738541820097 52.20427929759194
 19.59999956190586 20.024335715814054 53.35592547525264
 19.619999561458826 18.342439153561056 54.34396291685378
 19.63999956101179 16.771363867575538 55.17051773219555
 19.659999560564756 15.311947289344761 55.84016690834289
 19.67999956011772 13.962936933035675 56.35946066537213
 19.699999559670687 12.721391485939634 56.73644887596963
 19.719999559223652 11.583069218494819 56.980237300563026
 19.739999558776617 10.542785209606945 57.10059091075744
 19.759999558329582 9.594725999778808 57.10759389242382
 19.779999557882547 8.732716292931274 57.01136961918731
 19.799999557435513 7.950436960349295 56.82185917911451
 19.819999556988478 7.241596851912008 56.54865386755666
 19.839999556541443 6.600062948896808 56.20087521410785
 19.859999556094408 6.01995443598507 55.78709530879672
 19.879999555647373 5.49570658155348 55.315290142932355
 19.89999955520034 5.0221101278669344 54.7928191258336
 19.919999554753304 4.594331399465768 54.22642467119481
 19.93999955430627 4.207917686556106 53.622246609724364
 19.959999553859234 3.858791755553929 52.98584706944363
 19.9799995534122 3.543238650097781 52.32224230263979
