 -2.2351741811588166E-10 0.9
 -2.2351741811588166E-10 0.8757087628956572
 -2.2351741811588166E-10 0.8519093706547751
 -2.2351741811588166E-10 0.826756926302265
 -2.2351741811588166E-10 0.8018078349020447
 -2.2351741811588166E-10 0.7759313374000982
 -2.2351741811588166E-10 0.7487366185483073
 -2.2351741811588166E-10 0.7212043366637453
 -2.2351741811588166E-10 0.691868580684832
 -2.2351741811588166E-10 0.6614680321282805
 -2.2351741811588166E-10 0.6298606383757493
 -2.2351741811588166E-10 0.5964117145685817
 -2.2351741811588166E-10 0.5618444600335293
 -2.2351741811588166E-10 0.5256235410904904
 -2.2351741811588166E-10 0.4878705085379709
 -2.2351741811588166E-10 0.44884837213777007
 -2.2351741811588166E-10 0.40828377979376296
 -2.2351741811588166E-10 0.3664957760490469
 -2.2351741811588166E-10 0.32352012096890137
 -2.2351741811588166E-10 0.27939930254432194
 -2.2351741811588166E-10 0.23437969497455347
 -2.2351741811588166E-10 0.18852135780928564
 -2.2351741811588166E-10 0.14200027777555033
 -2.2351741811588166E-10 0.0949992308345895
 -2.2351741811588166E-10 0.047654252132015955
 -2.2351741811588166E-10 0.00016164413079419778
 -2.2351741811588166E-10 -0.047306108183447576
 -2.2351741811588166E-10 -0.09457406204352715
 -2.2351741811588166E-10 -0.14145326412243264
 -2.2351741811588166E-10 -0.18776700293983892
 -2.2351741811588166E-10 -0.2333343227494287
 -2.2351741811588166E-10 -0.2779760444800527
 -2.2351741811588166E-10 -0.32151868970730474
 -2.2351741811588166E-10 -0.36379058571533684
 -2.2351741811588166E-10 -0.4046255576658946
 -2.2351741811588166E-10 -0.443863076934069
 -2.2351741811588166E-10 -0.4813483481059547
 -2.2351741811588166E-10 -0.5169336848026161
 -2.2351741811588166E-10 -0.5504787648820002
 -2.2351741811588166E-10 -0.5818512356718324
 -2.2351741811588166E-10 -0.610927349157756
 -2.2351741811588166E-10 -0.6375923752820507
 -2.2351741811588166E-10 -0.661741092069186
 -2.2351741811588166E-10 -0.6832782084384165
 -2.2351741811588166E-10 -0.7021187308631905
 -2.2351741811588166E-10 -0.7181883075933674
 -2.2351741811588166E-10 -0.7314235214623375
 -2.2351741811588166E-10 -0.7417721398051519
 -2.2351741811588166E-10 -0.7491933219463346
 -2.2351741811588166E-10 -0.7536577801599615
 -2.2351741811588166E-10 -0.7551478953686472
 -2.2351741811588166E-10 -0.7536577868190888
 -2.2351741811588166E-10 -0.7491933352383089
 -2.2351741811588166E-10 -0.7417721596775154
 -2.2351741811588166E-10 -0.7314235478366637
 -2.2351741811588166E-10 -0.7181883403655684
 -2.2351741811588166E-10 -0.7021187699039297
 -2.2351741811588166E-10 -0.6832782535936177
 -2.2351741811588166E-10 -0.6617411431606425
 -2.2351741811588166E-10 -0.6375924321081279
 -2.2351741811588166E-10 -0.6109274114941868
 -2.2351741811588166E-10 -0.5818513032726044
 -2.2351741811588166E-10 -0.5504788374803229
 -2.2351741811588166E-10 -0.5169337621119778
 -2.2351741811588166E-10 -0.48134842982125087
 -2.2351741811588166E-10 -0.44386316273280574
 -2.2351741811588166E-10 -0.404625647209465
 -2.2351741811588166E-10 -0.36379067865035164
 -2.2351741811588166E-10 -0.3215187856669933
 -2.2351741811588166E-10 -0.2779761430857055
 -2.2351741811588166E-10 -0.23333442361189372
 -2.2351741811588166E-10 -0.18776710566105917
 -2.2351741811588166E-10 -0.1414533682970135
 -2.2351741811588166E-10 -0.0945741672603397
 -2.2351741811588166E-10 -0.047306214027248925
 -2.2351741811588166E-10 0.00016153807772115693
 -2.2351741811588166E-10 0.04765414628821409
 -2.2351741811588166E-10 0.09499912561777624
 -2.2351741811588166E-10 0.14200017360096773
 -2.2351741811588166E-10 0.18852125508806414
 -2.2351741811588166E-10 0.23437959411208573
 -2.2351741811588166E-10 0.2793992039386666
 -2.2351741811588166E-10 0.3235200250092102
 -2.2351741811588166E-10 0.36649568311402764
 -2.2351741811588166E-10 0.4082836902501897
 -2.2351741811588166E-10 0.4488482863390281
 -2.2351741811588166E-10 0.48787042682267046
 -2.2351741811588166E-10 0.5256234637811237
 -2.2351741811588166E-10 0.5618443874352005
 -2.2351741811588166E-10 0.5964116469678049
 -2.2351741811588166E-10 0.6298605760393116
 -2.2351741811588166E-10 0.6614679753021976
 -2.2351741811588166E-10 0.6918685295933686
 -2.2351741811588166E-10 0.7212042915085365
 -2.2351741811588166E-10 0.7487365795075616
 -2.2351741811588166E-10 0.7759313046278887
 -2.2351741811588166E-10 0.8018078085277107
 -2.2351741811588166E-10 0.8267569064298935
 -2.2351741811588166E-10 0.8519093573627917
 -2.2351741811588166E-10 0.8757087562365218
 -2.2351741811588166E-10 0.8999999999999911
