 0. 0.5000000074505806
 0.009999999776482582 0.5000000074505806
 0.019999999552965164 0.5000000074505806
 0.029999999329447746 0.5000000074505806
 0.03999999910593033 0.5000000074505806
 0.04999999888241291 0.5000000074505806
 0.05999999865889549 0.4000000059604645
 0.06999999843537807 0.2500000037252903
 0.07999999821186066 0.1750000026077032
 0.08999999798834324 0.037500000558793545
 0.09999999776482582 -0.03125000046566129
 0.1099999975413084 -0.16562500246800482
 0.11999999731779099 -0.2328125034691766
 0.12999999709427357 -0.3664062554598786
 0.13999999687075615 -0.4332031314552296
 0.14999999664723873 -0.5666015709430212
 0.1599999964237213 -0.5332031329453457
 0.1699999962002039 -0.5164062576950528
 0.17999999597668648 -0.5078125075669959
 0.18999999575316906 -0.5031250074971467
 0.19999999552965164 -0.5000000074505806
 0.20999999530613422 -0.49687500740401447
 0.2199999950826168 -0.4921875073341653
 0.2299999948590994 -0.4835937572061084
 0.23999999463558197 -0.4667968819558155
 0.24999999441206455 -0.43339844395814
 0.25999999418854713 -0.36679688046569936
 0.2699999939650297 -0.23359375348081812
 0.2799999937415123 -0.1671875024912879
 0.2899999935179949 -0.034375000512227416
 0.29999999329447746 0.03125000046566129
 0.30999999307096004 0.1625000024214387
 0.3199999928474426 0.22500000335276127
 0.3299999926239252 0.3500000052154064
 0.3399999924004078 0.4000000059604645
 0.3499999921768904 0.5000000074505806
 0.35999999195337296 0.5000000074505806
 0.36999999172985554 0.5000000074505806
 0.3799999915063381 0.5000000074505806
 0.3899999912828207 0.5000000074505806
 0.3999999910593033 0.5000000074505806
 0.40999999083578587 0.5000000074505806
 0.41999999061226845 0.5000000074505806
 0.42999999038875103 0.5000000074505806
 0.4399999901652336 0.5000000074505806
 0.4499999899417162 0.5000000074505806
 0.4599999897181988 0.4000000059604645
 0.46999998949468136 0.2500000037252903
 0.47999998927116394 0.1750000026077032
 0.4899999890476465 0.037500000558793545
 0.4999999888241291 -0.03125000046566129
 0.5099999886006117 -0.16562500246800482
 0.5199999883770943 -0.2328125034691766
 0.5299999881535769 -0.3664062554598786
 0.5399999879300594 -0.4332031314552296
 0.549999987706542 -0.5666015709430212
 0.5599999874830246 -0.5332031329453457
 0.5699999872595072 -0.5164062576950528
 0.5799999870359898 -0.5078125075669959
 0.5899999868124723 -0.5031250074971467
 0.5999999865889549 -0.5000000074505806
 0.6099999863654375 -0.49687500740401447
 0.6199999861419201 -0.4921875073341653
 0.6299999859184027 -0.4835937572061084
 0.6399999856948853 -0.4667968819558155
 0.6499999854713678 -0.43339844395814
 0.6599999852478504 -0.36679688046569936
 0.669999985024333 -0.23359375348081812
 0.6799999848008156 -0.1671875024912879
 0.6899999845772982 -0.034375000512227416
 0.6999999843537807 0.03125000046566129
 0.7099999841302633 0.1625000024214387
 0.7199999839067459 0.22500000335276127
 0.7299999836832285 0.3500000052154064
 0.7399999834597111 0.4000000059604645
 0.7499999832361937 0.5000000074505806
 0.7599999830126762 0.5000000074505806
 0.7699999827891588 0.5000000074505806
 0.7799999825656414 0.5000000074505806
 0.789999982342124 0.5000000074505806
 0.7999999821186066 0.5000000074505806
 0.8099999818950891 0.5000000074505806
 0.8199999816715717 0.5000000074505806
 0.8299999814480543 0.5000000074505806
 0.8399999812245369 0.5000000074505806
 0.8499999810010195 0.5000000074505806
 0.8599999807775021 0.4000000059604645
 0.8699999805539846 0.2500000037252903
 0.8799999803304672 0.1750000026077032
 0.8899999801069498 0.037500000558793545
 0.8999999798834324 -0.03125000046566129
 0.909999979659915 -0.16562500246800482
 0.9199999794363976 -0.2328125034691766
 0.9299999792128801 -0.3664062554598786
 0.9399999789893627 -0.4332031314552296
 0.9499999787658453 -0.5666015709430212
 0.9599999785423279 -0.5332031329453457
 0.9699999783188105 -0.5164062576950528
 0.979999978095293 -0.5078125075669959
 0.9899999778717756 -0.5031250074971467
 0.9999999776482582 -0.5000000074505806
 1.0099999774247408 -0.49687500740401447
 1.0199999772012234 -0.4921875073341653
 1.029999976977706 -0.4835937572061084
 1.0399999767541885 -0.4667968819558155
 1.0499999765306711 -0.43339844395814
 1.0599999763071537 -0.36679688046569936
 1.0699999760836363 -0.23359375348081812
 1.0799999758601189 -0.1671875024912879
 1.0899999756366014 -0.034375000512227416
 1.099999975413084 0.03125000046566129
 1.1099999751895666 0.1625000024214387
 1.1199999749660492 0.22500000335276127
 1.1299999747425318 0.3500000052154064
 1.1399999745190144 0.4000000059604645
 1.149999974295497 0.5000000074505806
 1.1599999740719795 0.5000000074505806
 1.169999973848462 0.5000000074505806
 1.1799999736249447 0.5000000074505806
 1.1899999734014273 0.5000000074505806
 1.1999999731779099 0.5000000074505806
 1.2099999729543924 0.5000000074505806
 1.219999972730875 0.5000000074505806
 1.2299999725073576 0.5000000074505806
 1.2399999722838402 0.5000000074505806
 1.2499999720603228 0.5000000074505806
 1.2599999718368053 0.4000000059604645
 1.269999971613288 0.2500000037252903
 1.2799999713897705 0.1750000026077032
 1.289999971166253 0.037500000558793545
 1.2999999709427357 -0.03125000046566129
 1.3099999707192183 -0.16562500246800482
 1.3199999704957008 -0.2328125034691766
 1.3299999702721834 -0.3664062554598786
 1.339999970048666 -0.4332031314552296
 1.3499999698251486 -0.5666015709430212
 1.3599999696016312 -0.5332031329453457
 1.3699999693781137 -0.5164062576950528
 1.3799999691545963 -0.5078125075669959
 1.389999968931079 -0.5031250074971467
 1.3999999687075615 -0.5000000074505806
 1.409999968484044 -0.49687500740401447
 1.4199999682605267 -0.4921875073341653
 1.4299999680370092 -0.4835937572061084
 1.4399999678134918 -0.4667968819558155
 1.4499999675899744 -0.43339844395814
 1.459999967366457 -0.36679688046569936
 1.4699999671429396 -0.23359375348081812
 1.4799999669194221 -0.1671875024912879
 1.4899999666959047 -0.034375000512227416
 1.4999999664723873 0.03125000046566129
 1.50999996624887 0.1625000024214387
 1.5199999660253525 0.22500000335276127
 1.529999965801835 0.3500000052154064
 1.5399999655783176 0.4000000059604645
 1.5499999653548002 0.5000000074505806
 1.5599999651312828 0.5000000074505806
 1.5699999649077654 0.5000000074505806
 1.579999964684248 0.5000000074505806
 1.5899999644607306 0.5000000074505806
 1.5999999642372131 0.5000000074505806
 1.6099999640136957 0.5000000074505806
 1.6199999637901783 0.5000000074505806
 1.6299999635666609 0.5000000074505806
 1.6399999633431435 0.5000000074505806
 1.649999963119626 0.5000000074505806
 1.6599999628961086 0.4000000059604645
 1.6699999626725912 0.2500000037252903
 1.6799999624490738 0.1750000026077032
 1.6899999622255564 0.037500000558793545
 1.699999962002039 -0.03125000046566129
 1.7099999617785215 -0.16562500246800482
 1.7199999615550041 -0.2328125034691766
 1.7299999613314867 -0.3664062554598786
 1.7399999611079693 -0.4332031314552296
 1.7499999608844519 -0.5666015709430212
 1.7599999606609344 -0.5332031329453457
 1.769999960437417 -0.5164062576950528
 1.7799999602138996 -0.5078125075669959
 1.7899999599903822 -0.5031250074971467
 1.7999999597668648 -0.5000000074505806
 1.8099999595433474 -0.49687500740401447
 1.81999995931983 -0.4921875073341653
 1.8299999590963125 -0.4835937572061084
 1.839999958872795 -0.4667968819558155
 1.8499999586492777 -0.43339844395814
 1.8599999584257603 -0.36679688046569936
 1.8699999582022429 -0.23359375348081812
 1.8799999579787254 -0.1671875024912879
 1.889999957755208 -0.034375000512227416
 1.8999999575316906 0.03125000046566129
 1.9099999573081732 0.1625000024214387
 1.9199999570846558 0.22500000335276127
 1.9299999568611383 0.3500000052154064
 1.939999956637621 0.4000000059604645
 1.9499999564141035 0.5000000074505806
 1.959999956190586 0.5000000074505806
 1.9699999559670687 0.5000000074505806
 1.9799999557435513 0.5000000074505806
 1.9899999555200338 0.5000000074505806
 1.9999999552965164 0.5000000074505806
 2.009999955072999 0.5000000074505806
 2.0199999548494816 0.5000000074505806
 2.029999954625964 0.5000000074505806
 2.0399999544024467 0.5000000074505806
 2.0499999541789293 0.5000000074505806
 2.059999953955412 0.4000000059604645
 2.0699999537318945 0.2500000037252903
 2.079999953508377 0.1750000026077032
 2.0899999532848597 0.037500000558793545
 2.0999999530613422 -0.03125000046566129
 2.109999952837825 -0.16562500246800482
 2.1199999526143074 -0.2328125034691766
 2.12999995239079 -0.3664062554598786
 2.1399999521672726 -0.4332031314552296
 2.149999951943755 -0.5666015709430212
 2.1599999517202377 -0.5332031329453457
 2.1699999514967203 -0.5164062576950528
 2.179999951273203 -0.5078125075669959
 2.1899999510496855 -0.5031250074971467
 2.199999950826168 -0.5000000074505806
 2.2099999506026506 -0.49687500740401447
 2.2199999503791332 -0.4921875073341653
 2.229999950155616 -0.4835937572061084
 2.2399999499320984 -0.4667968819558155
 2.249999949708581 -0.43339844395814
 2.2599999494850636 -0.36679688046569936
 2.269999949261546 -0.23359375348081812
 2.2799999490380287 -0.1671875024912879
 2.2899999488145113 -0.034375000512227416
 2.299999948590994 0.03125000046566129
 2.3099999483674765 0.1625000024214387
 2.319999948143959 0.22500000335276127
 2.3299999479204416 0.3500000052154064
 2.339999947696924 0.4000000059604645
 2.349999947473407 0.5000000074505806
 2.3599999472498894 0.5000000074505806
 2.369999947026372 0.5000000074505806
 2.3799999468028545 0.5000000074505806
 2.389999946579337 0.5000000074505806
 2.3999999463558197 0.5000000074505806
 2.4099999461323023 0.5000000074505806
 2.419999945908785 0.5000000074505806
 2.4299999456852674 0.5000000074505806
 2.43999994546175 0.5000000074505806
 2.4499999452382326 0.5000000074505806
 2.459999945014715 0.4000000059604645
 2.4699999447911978 0.2500000037252903
 2.4799999445676804 0.1750000026077032
 2.489999944344163 0.037500000558793545
 2.4999999441206455 -0.03125000046566129
 2.509999943897128 -0.16562500246800482
 2.5199999436736107 -0.2328125034691766
 2.5299999434500933 -0.3664062554598786
 2.539999943226576 -0.4332031314552296
 2.5499999430030584 -0.5666015709430212
 2.559999942779541 -0.5332031329453457
 2.5699999425560236 -0.5164062576950528
 2.579999942332506 -0.5078125075669959
 2.5899999421089888 -0.5031250074971467
 2.5999999418854713 -0.5000000074505806
 2.609999941661954 -0.49687500740401447
 2.6199999414384365 -0.4921875073341653
 2.629999941214919 -0.4835937572061084
 2.6399999409914017 -0.4667968819558155
 2.6499999407678843 -0.43339844395814
 2.659999940544367 -0.36679688046569936
 2.6699999403208494 -0.23359375348081812
 2.679999940097332 -0.1671875024912879
 2.6899999398738146 -0.034375000512227416
 2.699999939650297 0.03125000046566129
 2.7099999394267797 0.1625000024214387
 2.7199999392032623 0.22500000335276127
 2.729999938979745 0.3500000052154064
 2.7399999387562275 0.4000000059604645
 2.74999993853271 0.5000000074505806
 2.7599999383091927 0.5000000074505806
 2.7699999380856752 0.5000000074505806
 2.779999937862158 0.5000000074505806
 2.7899999376386404 0.5000000074505806
 2.799999937415123 0.5000000074505806
 2.8099999371916056 0.5000000074505806
 2.819999936968088 0.5000000074505806
 2.8299999367445707 0.5000000074505806
 2.8399999365210533 0.5000000074505806
 2.849999936297536 0.5000000074505806
 2.8599999360740185 0.4000000059604645
 2.869999935850501 0.2500000037252903
 2.8799999356269836 0.1750000026077032
 2.8899999354034662 0.037500000558793545
 2.899999935179949 -0.03125000046566129
 2.9099999349564314 -0.16562500246800482
 2.919999934732914 -0.2328125034691766
 2.9299999345093966 -0.3664062554598786
 2.939999934285879 -0.4332031314552296
 2.9499999340623617 -0.5666015709430212
 2.9599999338388443 -0.5332031329453457
 2.969999933615327 -0.5164062576950528
 2.9799999333918095 -0.5078125075669959
 2.989999933168292 -0.5031250074971467
 2.9999999329447746 -0.5000000074505806
 3.009999932721257 -0.49687500740401447
 3.01999993249774 -0.4921875073341653
 3.0299999322742224 -0.4835937572061084
 3.039999932050705 -0.4667968819558155
 3.0499999318271875 -0.43339844395814
 3.05999993160367 -0.36679688046569936
 3.0699999313801527 -0.23359375348081812
 3.0799999311566353 -0.1671875024912879
 3.089999930933118 -0.034375000512227416
 3.0999999307096004 0.03125000046566129
 3.109999930486083 0.1625000024214387
 3.1199999302625656 0.22500000335276127
 3.129999930039048 0.3500000052154064
 3.1399999298155308 0.4000000059604645
 3.1499999295920134 0.5000000074505806
 3.159999929368496 0.5000000074505806
 3.1699999291449785 0.5000000074505806
 3.179999928921461 0.5000000074505806
 3.1899999286979437 0.5000000074505806
 3.1999999284744263 0.5000000074505806
 3.209999928250909 0.5000000074505806
 3.2199999280273914 0.5000000074505806
 3.229999927803874 0.5000000074505806
 3.2399999275803566 0.5000000074505806
 3.249999927356839 0.5000000074505806
 3.2599999271333218 0.4000000059604645
 3.2699999269098043 0.2500000037252903
 3.279999926686287 0.1750000026077032
 3.2899999264627695 0.037500000558793545
 3.299999926239252 -0.03125000046566129
 3.3099999260157347 -0.16562500246800482
 3.3199999257922173 -0.2328125034691766
 3.3299999255687 -0.3664062554598786
 3.3399999253451824 -0.4332031314552296
 3.349999925121665 -0.5666015709430212
 3.3599999248981476 -0.5332031329453457
 3.36999992467463 -0.5164062576950528
 3.3799999244511127 -0.5078125075669959
 3.3899999242275953 -0.5031250074971467
 3.399999924004078 -0.5000000074505806
 3.4099999237805605 -0.49687500740401447
 3.419999923557043 -0.4921875073341653
 3.4299999233335257 -0.4835937572061084
 3.4399999231100082 -0.4667968819558155
 3.449999922886491 -0.43339844395814
 3.4599999226629734 -0.36679688046569936
 3.469999922439456 -0.23359375348081812
 3.4799999222159386 -0.1671875024912879
 3.489999921992421 -0.034375000512227416
 3.4999999217689037 0.03125000046566129
 3.5099999215453863 0.1625000024214387
 3.519999921321869 0.22500000335276127
 3.5299999210983515 0.3500000052154064
 3.539999920874834 0.4000000059604645
 3.5499999206513166 0.5000000074505806
 3.5599999204277992 0.5000000074505806
 3.569999920204282 0.5000000074505806
 3.5799999199807644 0.5000000074505806
 3.589999919757247 0.5000000074505806
 3.5999999195337296 0.5000000074505806
 3.609999919310212 0.5000000074505806
 3.6199999190866947 0.5000000074505806
 3.6299999188631773 0.5000000074505806
 3.63999991863966 0.5000000074505806
 3.6499999184161425 0.5000000074505806
 3.659999918192625 0.4000000059604645
 3.6699999179691076 0.2500000037252903
 3.67999991774559 0.1750000026077032
 3.689999917522073 0.037500000558793545
 3.6999999172985554 -0.03125000046566129
 3.709999917075038 -0.16562500246800482
 3.7199999168515205 -0.2328125034691766
 3.729999916628003 -0.3664062554598786
 3.7399999164044857 -0.4332031314552296
 3.7499999161809683 -0.5666015709430212
 3.759999915957451 -0.5332031329453457
 3.7699999157339334 -0.5164062576950528
 3.779999915510416 -0.5078125075669959
 3.7899999152868986 -0.5031250074971467
 3.799999915063381 -0.5000000074505806
 3.8099999148398638 -0.49687500740401447
 3.8199999146163464 -0.4921875073341653
 3.829999914392829 -0.4835937572061084
 3.8399999141693115 -0.4667968819558155
 3.849999913945794 -0.43339844395814
 3.8599999137222767 -0.36679688046569936
 3.8699999134987593 -0.23359375348081812
 3.879999913275242 -0.1671875024912879
 3.8899999130517244 -0.034375000512227416
 3.899999912828207 0.03125000046566129
 3.9099999126046896 0.1625000024214387
 3.919999912381172 0.22500000335276127
 3.9299999121576548 0.3500000052154064
 3.9399999119341373 0.4000000059604645
 3.94999991171062 0.5000000074505806
 3.9599999114871025 0.5000000074505806
 3.969999911263585 0.5000000074505806
 3.9799999110400677 0.5000000074505806
 3.9899999108165503 0.5000000074505806
 3.999999910593033 0.5000000074505806
 4.009999910369515 0.5000000074505806
 4.019999910145998 0.5000000074505806
 4.029999909922481 0.5000000074505806
 4.039999909698963 0.5000000074505806
 4.049999909475446 0.5000000074505806
 4.059999909251928 0.4000000059604645
 4.069999909028411 0.2500000037252903
 4.0799999088048935 0.1750000026077032
 4.089999908581376 0.037500000558793545
 4.099999908357859 -0.03125000046566129
 4.109999908134341 -0.16562500246800482
 4.119999907910824 -0.2328125034691766
 4.129999907687306 -0.3664062554598786
 4.139999907463789 -0.4332031314552296
 4.149999907240272 -0.5666015709430212
 4.159999907016754 -0.5332031329453457
 4.169999906793237 -0.5164062576950528
 4.179999906569719 -0.5078125075669959
 4.189999906346202 -0.5031250074971467
 4.1999999061226845 -0.5000000074505806
 4.209999905899167 -0.49687500740401447
 4.21999990567565 -0.4921875073341653
 4.229999905452132 -0.4835937572061084
 4.239999905228615 -0.4667968819558155
 4.249999905005097 -0.43339844395814
 4.25999990478158 -0.36679688046569936
 4.2699999045580626 -0.23359375348081812
 4.279999904334545 -0.1671875024912879
 4.289999904111028 -0.034375000512227416
 4.29999990388751 0.03125000046566129
 4.309999903663993 0.1625000024214387
 4.3199999034404755 0.22500000335276127
 4.329999903216958 0.3500000052154064
 4.339999902993441 0.4000000059604645
 4.349999902769923 0.5000000074505806
 4.359999902546406 0.5000000074505806
 4.369999902322888 0.5000000074505806
 4.379999902099371 0.5000000074505806
 4.3899999018758535 0.5000000074505806
 4.399999901652336 0.5000000074505806
 4.409999901428819 0.5000000074505806
 4.419999901205301 0.5000000074505806
 4.429999900981784 0.5000000074505806
 4.4399999007582664 0.5000000074505806
 4.449999900534749 0.5000000074505806
 4.459999900311232 0.4000000059604645
 4.469999900087714 0.2500000037252903
 4.479999899864197 0.1750000026077032
 4.489999899640679 0.037500000558793545
 4.499999899417162 -0.03125000046566129
 4.5099998991936445 -0.16562500246800482
 4.519999898970127 -0.2328125034691766
 4.52999989874661 -0.3664062554598786
 4.539999898523092 -0.4332031314552296
 4.549999898299575 -0.5666015709430212
 4.559999898076057 -0.5332031329453457
 4.56999989785254 -0.5164062576950528
 4.579999897629023 -0.5078125075669959
 4.589999897405505 -0.5031250074971467
 4.599999897181988 -0.5000000074505806
 4.60999989695847 -0.49687500740401447
 4.619999896734953 -0.4921875073341653
 4.6299998965114355 -0.4835937572061084
 4.639999896287918 -0.4667968819558155
 4.649999896064401 -0.43339844395814
 4.659999895840883 -0.36679688046569936
 4.669999895617366 -0.23359375348081812
 4.679999895393848 -0.1671875024912879
 4.689999895170331 -0.034375000512227416
 4.699999894946814 0.03125000046566129
 4.709999894723296 0.1625000024214387
 4.719999894499779 0.22500000335276127
 4.729999894276261 0.3500000052154064
 4.739999894052744 0.4000000059604645
 4.7499998938292265 0.5000000074505806
 4.759999893605709 0.5000000074505806
 4.769999893382192 0.5000000074505806
 4.779999893158674 0.5000000074505806
 4.789999892935157 0.5000000074505806
 4.799999892711639 0.5000000074505806
 4.809999892488122 0.5000000074505806
 4.819999892264605 0.5000000074505806
 4.829999892041087 0.5000000074505806
 4.83999989181757 0.5000000074505806
 4.849999891594052 0.5000000074505806
 4.859999891370535 0.4000000059604645
 4.8699998911470175 0.2500000037252903
 4.8799998909235 0.1750000026077032
 4.889999890699983 0.037500000558793545
 4.899999890476465 -0.03125000046566129
 4.909999890252948 -0.16562500246800482
 4.91999989002943 -0.2328125034691766
 4.929999889805913 -0.3664062554598786
 4.9399998895823956 -0.4332031314552296
 4.949999889358878 -0.5666015709430212
 4.959999889135361 -0.5332031329453457
 4.969999888911843 -0.5164062576950528
 4.979999888688326 -0.5078125075669959
 4.9899998884648085 -0.5031250074971467
 4.999999888241291 -0.5000000074505806
 5.009999888017774 -0.49687500740401447
 5.019999887794256 -0.4921875073341653
 5.029999887570739 -0.4835937572061084
 5.039999887347221 -0.4667968819558155
 5.049999887123704 -0.43339844395814
 5.0599998869001865 -0.36679688046569936
 5.069999886676669 -0.23359375348081812
 5.079999886453152 -0.1671875024912879
 5.089999886229634 -0.034375000512227416
 5.099999886006117 0.03125000046566129
 5.1099998857825994 0.1625000024214387
 5.119999885559082 0.22500000335276127
 5.129999885335565 0.3500000052154064
 5.139999885112047 0.4000000059604645
 5.14999988488853 0.5000000074505806
 5.159999884665012 0.5000000074505806
 5.169999884441495 0.5000000074505806
 5.1799998842179775 0.5000000074505806
 5.18999988399446 0.5000000074505806
 5.199999883770943 0.5000000074505806
 5.209999883547425 0.5000000074505806
 5.219999883323908 0.5000000074505806
 5.22999988310039 0.5000000074505806
 5.239999882876873 0.5000000074505806
 5.249999882653356 0.5000000074505806
 5.259999882429838 0.4000000059604645
 5.269999882206321 0.2500000037252903
 5.279999881982803 0.1750000026077032
 5.289999881759286 0.037500000558793545
 5.2999998815357685 -0.03125000046566129
 5.309999881312251 -0.16562500246800482
 5.319999881088734 -0.2328125034691766
 5.329999880865216 -0.3664062554598786
 5.339999880641699 -0.4332031314552296
 5.349999880418181 -0.5666015709430212
 5.359999880194664 -0.5332031329453457
 5.369999879971147 -0.5164062576950528
 5.379999879747629 -0.5078125075669959
 5.389999879524112 -0.5031250074971467
 5.399999879300594 -0.5000000074505806
 5.409999879077077 -0.49687500740401447
 5.4199998788535595 -0.4921875073341653
 5.429999878630042 -0.4835937572061084
 5.439999878406525 -0.4667968819558155
 5.449999878183007 -0.43339844395814
 5.45999987795949 -0.36679688046569936
 5.469999877735972 -0.23359375348081812
 5.479999877512455 -0.1671875024912879
 5.489999877288938 -0.034375000512227416
 5.49999987706542 0.03125000046566129
 5.509999876841903 0.1625000024214387
 5.519999876618385 0.22500000335276127
 5.529999876394868 0.3500000052154064
 5.5399998761713505 0.4000000059604645
 5.549999875947833 0.5000000074505806
 5.559999875724316 0.5000000074505806
 5.569999875500798 0.5000000074505806
 5.579999875277281 0.5000000074505806
 5.589999875053763 0.5000000074505806
 5.599999874830246 0.5000000074505806
 5.6099998746067286 0.5000000074505806
 5.619999874383211 0.5000000074505806
 5.629999874159694 0.5000000074505806
 5.639999873936176 0.5000000074505806
 5.649999873712659 0.5000000074505806
 5.6599998734891415 0.4000000059604645
 5.669999873265624 0.2500000037252903
 5.679999873042107 0.1750000026077032
 5.689999872818589 0.037500000558793545
 5.699999872595072 -0.03125000046566129
 5.709999872371554 -0.16562500246800482
 5.719999872148037 -0.2328125034691766
 5.7299998719245195 -0.3664062554598786
 5.739999871701002 -0.4332031314552296
 5.749999871477485 -0.5666015709430212
 5.759999871253967 -0.5332031329453457
 5.76999987103045 -0.5164062576950528
 5.7799998708069324 -0.5078125075669959
 5.789999870583415 -0.5031250074971467
 5.799999870359898 -0.5000000074505806
 5.80999987013638 -0.49687500740401447
 5.819999869912863 -0.4921875073341653
 5.829999869689345 -0.4835937572061084
 5.839999869465828 -0.4667968819558155
 5.8499998692423105 -0.43339844395814
 5.859999869018793 -0.36679688046569936
 5.869999868795276 -0.23359375348081812
 5.879999868571758 -0.1671875024912879
 5.889999868348241 -0.034375000512227416
 5.899999868124723 0.03125000046566129
 5.909999867901206 0.1625000024214387
 5.919999867677689 0.22500000335276127
 5.929999867454171 0.3500000052154064
 5.939999867230654 0.4000000059604645
 5.949999867007136 0.5000000074505806
 5.959999866783619 0.5000000074505806
 5.9699998665601015 0.5000000074505806
 5.979999866336584 0.5000000074505806
 5.989999866113067 0.5000000074505806
 5.999999865889549 0.5000000074505806
 6.009999865666032 0.5000000074505806
