 0. 0.
 0.0010000000474974513 0.0015514415891266177
 0.0020000000949949026 0.0031028853840196114
 0.003000000142492354 0.0046543335904541796
 0.004000000189989805 0.0062057884142231665
 0.0050000002374872565 0.007757252061145886
 0.006000000284984708 0.009308726737076946
 0.007000000332482159 0.010860214647915069
 0.00800000037997961 0.01241171799961192
 0.009000000427477062 0.013963238998180923
 0.010000000474974513 0.015514779849706093
 0.011000000522471964 0.017066342760350853
 0.012000000569969416 0.018617929936366868
 0.013000000617466867 0.02016954358410286
 0.014000000664964318 0.021721185910013447
 0.01500000071246177 0.02327285912066794
 0.01600000075995922 0.02482456542275921
 0.017000000807456672 0.026376307023112472
 0.018000000854954123 0.027928086128694154
 0.019000000902451575 0.029479904946620703
 0.020000000949949026 0.031031765684167403
 0.021000000997446477 0.03258367054877723
 0.02200000104494393 0.03413562174806966
 0.02300000109244138 0.03568762148984951
 0.02400000113993883 0.037239671982115766
 0.025000001187436283 0.03879177543307041
 0.026000001234933734 0.04034393405112728
 0.027000001282431185 0.04189615004492086
 0.028000001329928637 0.04344842562331513
 0.029000001377426088 0.04500076299541243
 0.03000000142492354 0.04655316437056229
 0.03100000147242099 0.04810563195837021
 0.03200000151991844 0.04965816796870657
 0.03300000156741589 0.051210774611715415
 0.034000001614913344 0.052763454097823355
 0.035000001662410796 0.054316208637748345
 0.03600000170990825 0.05586904044250857
 0.0370000017574057 0.05742195172343126
 0.03800000180490315 0.05897494469216155
 0.0390000018524006 0.06052802156067136
 0.04000000189989805 0.06208118454126817
 0.041000001947395504 0.06363443584660392
 0.042000001994892955 0.06518777768968385
 0.043000002042390406 0.06674121228387538
 0.04400000208988786 0.06829474184291685
 0.04500000213738531 0.06984836858092658
 0.04600000218488276 0.07140209471241149
 0.04700000223238021 0.07295592245227615
 0.04800000227987766 0.07450985401583156
 0.049000002327375114 0.07606389161880396
 0.050000002374872565 0.07761803747734379
 0.05100000242237002 0.0791722938080345
 0.05200000246986747 0.08072666282790146
 0.05300000251736492 0.08228114675442076
 0.05400000256486237 0.0838357478055281
 0.05500000261235982 0.08539046819962773
 0.05600000265985727 0.08694531015560125
 0.057000002707354724 0.0885002758928165
 0.058000002754852176 0.09005536763113646
 0.05900000280234963 0.09161058759092808
 0.06000000284984708 0.09316593799307123
 0.06100000289734453 0.09472142105896754
 0.06200000294484198 0.09627703901054929
 0.06300000299233943 0.0978327940702883
 0.06400000303983688 0.09938868846120485
 0.06500000308733433 0.10094472440687652
 0.06600000313483179 0.1025009041314471
 0.06700000318232924 0.1040572298596355
 0.06800000322982669 0.10561370381674469
 0.06900000327732414 0.1071703282286705
 0.07000000332482159 0.10872710532191059
 0.07100000337231904 0.11028403732357335
 0.0720000034198165 0.11184112646138684
 0.07300000346731395 0.11339837496370762
 0.0740000035148114 0.11495578505952973
 0.07500000356230885 0.11651335897849356
 0.0760000036098063 0.11807109895089479
 0.07700000365730375 0.11962900720769337
 0.0780000037048012 0.12118708598052234
 0.07900000375229865 0.12274533750169682
 0.0800000037997961 0.12430376400422291
 0.08100000384729356 0.12586236772180662
 0.08200000389479101 0.12742115088886288
 0.08300000394228846 0.12898011574052431
 0.08400000398978591 0.1305392645126504
 0.08500000403728336 0.13209859944183627
 0.08600000408478081 0.13365812276542163
 0.08700000413227826 0.1352178367214998
 0.08800000417977571 0.13677774354892663
 0.08900000422727317 0.13833784548732947
 0.09000000427477062 0.13989814477711604
 0.09100000432226807 0.14145864365948355
 0.09200000436976552 0.14301934437642755
 0.09300000441726297 0.14458024917075094
 0.09400000446476042 0.14614136028607289
 0.09500000451225787 0.14770267996683792
 0.09600000455975533 0.14926421045832475
 0.09700000460725278 0.15082595400665538
 0.09800000465475023 0.15238791285880407
 0.09900000470224768 0.15395008926260623
 0.10000000474974513 0.15551248546676746
 0.10100000479724258 0.15707510372087266
 0.10200000484474003 0.1586379462753948
 0.10300000489223748 0.16020101538170414
 0.10400000493973494 0.16176431329207716
 0.10500000498723239 0.16332784225970554
 0.10600000503472984 0.16489160453870513
 0.10700000508222729 0.16645560238412507
 0.10800000512972474 0.16801983805195678
 0.10900000517722219 0.16958431379914296
 0.11000000522471964 0.17114903188358663
 0.1110000052722171 0.17271399456416012
 0.11200000531971455 0.1742792041007142
 0.113000005367212 0.17584466275408703
 0.11400000541470945 0.17741037278611327
 0.1150000054622069 0.1789763364596331
 0.11600000550970435 0.18054255603850117
 0.1170000055572018 0.18210903378759583
 0.11800000560469925 0.18367577197282817
 0.1190000056521967 0.1852427728611509
 0.12000000569969416 0.18681003872056762
 0.12100000574719161 0.18837757182014175
 0.12200000579468906 0.18994537443000578
 0.12300000584218651 0.19151344882137014
 0.12400000588968396 0.1930817972665324
 0.1250000059371814 0.1946504220388864
 0.12600000598467886 0.19621932541293127
 0.12700000603217632 0.19778850966428052
 0.12800000607967377 0.19935797706967112
 0.12900000612717122 0.20092772990697277
 0.13000000617466867 0.20249777045519685
 0.13100000622216612 0.2040681009945056
 0.13200000626966357 0.20563872380622117
 0.13300000631716102 0.20720964117283486
 0.13400000636465847 0.20878085537801613
 0.13500000641215593 0.21035236870662183
 0.13600000645965338 0.2119241834447053
 0.13700000650715083 0.2134963018795255
 0.13800000655464828 0.21506872629955626
 0.13900000660214573 0.21664145899449525
 0.14000000664964318 0.21821450225527328
 0.14100000669714063 0.21978785837406345
 0.14200000674463809 0.22136152964429023
 0.14300000679213554 0.22293551836063874
 0.144000006839633 0.22450982681906384
 0.14500000688713044 0.2260844573167994
 0.1460000069346279 0.22765941215236749
 0.14700000698212534 0.22923469362558743
 0.1480000070296228 0.23081030403758515
 0.14900000707712024 0.23238624569080232
 0.1500000071246177 0.2339625208890056
 0.15100000717211515 0.23553913193729578
 0.1520000072196126 0.23711608114211713
 0.15300000726711005 0.23869337081126646
 0.1540000073146075 0.2402710032539025
 0.15500000736210495 0.241848980780555
 0.1560000074096024 0.24342730570313414
 0.15700000745709985 0.24500598033493967
 0.1580000075045973 0.2465850069906701
 0.15900000755209476 0.24816438798643212
 0.1600000075995922 0.2497441256397497
 0.16100000764708966 0.25132422226957357
 0.1620000076945871 0.2529046801962902
 0.16300000774208456 0.25448550174173135
 0.16400000778958201 0.25606668922918324
 0.16500000783707947 0.2576482449833958
 0.16600000788457692 0.25923017133059206
 0.16700000793207437 0.2608124705984775
 0.16800000797957182 0.2623951451162492
 0.16900000802706927 0.2639781972146053
 0.17000000807456672 0.2655616292257542
 0.17100000812206417 0.26714544348342406
 0.17200000816956162 0.26872964232287183
 0.17300000821705908 0.27031422808089295
 0.17400000826455653 0.27189920309583043
 0.17500000831205398 0.2734845697075844
 0.17600000835955143 0.27507033025762134
 0.17700000840704888 0.27665648708898344
 0.17800000845454633 0.27824304254629817
 0.17900000850204378 0.27982999897578725
 0.18000000854954123 0.28141735872527646
 0.1810000085970387 0.2830051241442049
 0.18200000864453614 0.2845932975836343
 0.1830000086920336 0.2861818813962584
 0.18400000873953104 0.28777087793641243
 0.1850000087870285 0.28936028956008264
 0.18600000883452594 0.2909501186249156
 0.1870000088820234 0.2925403674902275
 0.18800000892952085 0.2941310385170139
 0.1890000089770183 0.2957221340679589
 0.19000000902451575 0.29731365650744473
 0.1910000090720132 0.29890560820156126
 0.19200000911951065 0.30049799151811524
 0.1930000091670081 0.30209080882664
 0.19400000921450555 0.30368406249840485
 0.195000009262003 0.3052777549064244
 0.19600000930950046 0.3068718884254684
 0.1970000093569979 0.30846646543207096
 0.19800000940449536 0.3100614883045401
 0.1990000094519928 0.31165695942296745
 0.20000000949949026 0.31325288116923744
 0.2010000095469877 0.31484925592703705
 0.20200000959448516 0.3164460860818654
 0.20300000964198261 0.31804337402104316
 0.20400000968948007 0.31964112213372203
 0.20500000973697752 0.3212393328108946
 0.20600000978447497 0.3228380084454036
 0.20700000983197242 0.3244371514319516
 0.20800000987946987 0.3260367641671106
 0.20900000992696732 0.3276368490493315
 0.21000000997446477 0.32923740847895394
 0.21100001002196223 0.3308384448582157
 0.21200001006945968 0.33243996059126224
 0.21300001011695713 0.3340419580841566
 0.21400001016445458 0.3356444397448887
 0.21500001021195203 0.33724740798338537
 0.21600001025944948 0.3388508652115195
 0.21700001030694693 0.3404548138431201
 0.21800001035444438 0.34205925629398165
 0.21900001040194184 0.34366419498187406
 0.2200000104494393 0.345269632326552
 0.22100001049693674 0.346875570749765
 0.2220000105444342 0.3484820126752668
 0.22300001059193164 0.350088960528825
 0.2240000106394291 0.35169641673823115
 0.22500001068692654 0.3533043837333102
 0.226000010734424 0.35491286394593
 0.22700001078192145 0.35652185981001167
 0.2280000108294189 0.35813137376153864
 0.22900001087691635 0.3597414082385667
 0.2300000109244138 0.36135196568123384
 0.23100001097191125 0.36296304853176986
 0.2320000110194087 0.3645746592345063
 0.23300001106690615 0.3661868002358859
 0.2340000111144036 0.36779947398447266
 0.23500001116190106 0.36941268293096174
 0.2360000112093985 0.3710264295281889
 0.23700001125689596 0.3726407162311405
 0.2380000113043934 0.37425554549696344
 0.23900001135189086 0.3758709197849749
 0.2400000113993883 0.37748684155667206
 0.24100001144688576 0.379103313275742
 0.24200001149438322 0.38072033740807165
 0.24300001154188067 0.3823379164217577
 0.24400001158937812 0.3839560527871161
 0.24500001163687557 0.38557474897669236
 0.24600001168437302 0.3871940074652714
 0.24700001173187047 0.3888138307298872
 0.24800001177936792 0.3904342212498328
 0.24900001182686538 0.39205518150667035
 0.2500000118743628 0.393676713984241
 0.2510000119218603 0.3952988211686746
 0.25200001196935773 0.39692150554839994
 0.2530000120168552 0.3985447696141547
 0.25400001206435263 0.40016861585899505
 0.2550000121118501 0.4017930467783061
 0.25600001215934753 0.40341806486981147
 0.257000012206845 0.4050436726335837
 0.25800001225434244 0.4066698725720538
 0.2590000123018399 0.40829666719002156
 0.26000001234933734 0.40992405899466555
 0.2610000123968348 0.411552050495553
 0.26200001244433224 0.41318064420465
 0.2630000124918297 0.4148098426363314
 0.26400001253932714 0.416439648307391
 0.2650000125868246 0.4180700637370514
 0.26600001263432205 0.4197010914469746
 0.2670000126818195 0.42133273396127136
 0.26800001272931695 0.42296499380651187
 0.2690000127768144 0.4245978735117355
 0.27000001282431185 0.42623137560846114
 0.2710000128718093 0.4278655026306972
 0.27200001291930676 0.42950025711495193
 0.2730000129668042 0.43113564160024326
 0.27400001301430166 0.4327716586281091
 0.2750000130617991 0.43440831074261776
 0.27600001310929656 0.43604560049037755
 0.277000013156794 0.43768353042054764
 0.27800001320429146 0.43932210308484776
 0.2790000132517889 0.4409613210375687
 0.28000001329928637 0.44260118683558225
 0.2810000133467838 0.44424170303835164
 0.28200001339428127 0.44588287220794176
 0.2830000134417787 0.4475246969090293
 0.28400001348927617 0.4491671797089132
 0.2850000135367736 0.4508103231775246
 0.2860000135842711 0.4524541298874376
 0.2870000136317685 0.454098602413879
 0.288000013679266 0.455743743334739
 0.2890000137267634 0.4573895552305812
 0.2900000137742609 0.4590360406846534
 0.29100001382175833 0.46068320228289744
 0.2920000138692558 0.4623310426139597
 0.29300001391675323 0.46397956426920156
 0.2940000139642507 0.46562876984270973
 0.29500001401174814 0.46727866193130657
 0.2960000140592456 0.4689292431345605
 0.29700001410674304 0.47058051605479645
 0.2980000141542405 0.472232483297106
 0.29900001420173794 0.4738851474693582
 0.3000000142492354 0.47553851118220997
 0.30100001429673284 0.47719257704911605
 0.3020000143442303 0.47884734768633996
 0.30300001439172775 0.48050282571296443
 0.3040000144392252 0.48215901375090153
 0.30500001448672265 0.4838159144249034
 0.3060000145342201 0.4854735303625729
 0.30700001458171755 0.4871318641943738
 0.308000014629215 0.4887909185536416
 0.30900001467671245 0.4904506960765937
 0.3100000147242099 0.4921111994023403
 0.31100001477170736 0.49377243117289477
 0.3120000148192048 0.4954343940331842
 0.31300001486670226 0.49709709063106
 0.3140000149141997 0.4987605236173088
 0.31500001496169716 0.5004246956456625
 0.3160000150091946 0.5020896093728093
 0.31700001505669206 0.5037552674584042
 0.3180000151041895 0.5054216725650794
 0.31900001515168697 0.5070888273584557
 0.3200000151991844 0.5087567345071522
 0.32100001524668187 0.5104253966827975
 0.3220000152941793 0.5120948165600405
 0.32300001534167677 0.5137649968165607
 0.3240000153891742 0.5154359401330791
 0.3250000154366717 0.5171076491933693
 0.3260000154841691 0.5187801266842672
 0.3270000155316666 0.5204533752956831
 0.32800001557916403 0.5221273977206117
 0.3290000156266615 0.5238021966551424
 0.33000001567415893 0.5254777747984711
 0.3310000157216564 0.5271541348529106
 0.33200001576915383 0.5288312795239011
 0.3330000158166513 0.5305092115200213
 0.33400001586414874 0.5321879335529992
 0.3350000159116462 0.533867448337723
 0.33600001595914364 0.5355477585922521
 0.3370000160066411 0.5372288670378275
 0.33800001605413854 0.538910776398883
 0.339000016101636 0.5405934894030561
 0.34000001614913344 0.542277008781199
 0.3410000161966309 0.543961337267389
 0.34200001624412835 0.5456464775989405
 0.3430000162916258 0.5473324325164146
 0.34400001633912325 0.5490192047636312
 0.3450000163866207 0.5507067970876793
 0.34600001643411815 0.5523952122389282
 0.3470000164816156 0.5540844529710386
 0.34800001652911305 0.5557745220409736
 0.3490000165766105 0.5574654222090094
 0.35000001662410796 0.559157156238747
 0.3510000166716054 0.5608497268971223
 0.35200001671910286 0.5625431369544183
 0.3530000167666003 0.564237389184275
 0.35400001681409776 0.5659324863637016
 0.3550000168615952 0.5676284312730869
 0.35600001690909266 0.5693252266962104
 0.3570000169565901 0.5710228754202542
 0.35800001700408757 0.572721380235813
 0.359000017051585 0.5744207439369062
 0.36000001709908247 0.5761209693209889
 0.3610000171465799 0.5778220591889622
 0.3620000171940774 0.5795240163451861
 0.3630000172415748 0.5812268435974892
 0.3640000172890723 0.5829305437571806
 0.3650000173365697 0.584635119639061
 0.3660000173840672 0.5863405740614338
 0.36700001743156463 0.588046909846117
 0.3680000174790621 0.5897541298184537
 0.36900001752655953 0.5914622368073239
 0.370000017574057 0.5931712336451557
 0.37100001762155443 0.5948811231679365
 0.3720000176690519 0.5965919082152245
 0.37300001771654934 0.5983035916301599
 0.3740000177640468 0.6000161762594763
 0.37500001781154424 0.6017296649535128
 0.3760000178590417 0.6034440605662238
 0.37700001790653914 0.605159365955192
 0.3780000179540366 0.6068755839816391
 0.37900001800153404 0.6085927175104371
 0.3800000180490315 0.6103107694101203
 0.38100001809652895 0.6120297425528962
 0.3820000181440264 0.6137496398146578
 0.38300001819152385 0.615470464074994
 0.3840000182390213 0.6171922182172018
 0.38500001828651875 0.6189149051282983
 0.3860000183340162 0.6206385276990308
 0.38700001838151366 0.6223630888238898
 0.3880000184290111 0.6240885914011198
 0.38900001847650856 0.6258150383327313
 0.390000018524006 0.6275424325245121
 0.39100001857150346 0.6292707768860393
 0.3920000186190009 0.6310000743306902
 0.39300001866649836 0.6327303277756546
 0.3940000187139958 0.6344615401419467
 0.39500001876149327 0.6361937143544155
 0.3960000188089907 0.6379268533417584
 0.39700001885648817 0.6396609600365312
 0.3980000189039856 0.6413960373751608
 0.39900001895148307 0.6431320882979567
 0.4000000189989805 0.6448691157491225
 0.401000019046478 0.6466071226767682
 0.4020000190939754 0.6483461120329218
 0.4030000191414729 0.6500860867735405
 0.4040000191889703 0.6518270498585237
 0.4050000192364678 0.6535690042517236
 0.40600001928396523 0.6553119529209579
 0.4070000193314627 0.6570558988380215
 0.40800001937896013 0.6588008449786981
 0.4090000194264576 0.6605467943227721
 0.41000001947395504 0.6622937498540412
 0.4110000195214525 0.6640417145603276
 0.41200001956894994 0.6657906914334901
 0.4130000196164474 0.6675406834694365
 0.41400001966394484 0.6692916936681348
 0.4150000197114423 0.671043725033626
 0.41600001975893974 0.6727967805740357
 0.4170000198064372 0.674550863301586
 0.41800001985393465 0.6763059762326081
 0.4190000199014321 0.6780621223875538
 0.42000001994892955 0.6798193047910077
 0.421000019996427 0.6815775264716997
 0.42200002004392445 0.6833367904625163
 0.4230000200914219 0.6850970998005139
 0.42400002013891935 0.68685845752693
 0.4250000201864168 0.6886208666871951
 0.42600002023391426 0.6903843303309465
 0.4270000202814117 0.6921488515120386
 0.42800002032890916 0.6939144332885563
 0.4290000203764066 0.6956810787228266
 0.43000002042390406 0.6974487908814315
 0.4310000204714015 0.6992175728352198
 0.43200002051889896 0.7009874276593193
 0.4330000205663964 0.7027583584331494
 0.43400002061389387 0.7045303682404332
 0.4350000206613913 0.7063034601692102
 0.43600002070888877 0.7080776373118481
 0.4370000207563862 0.7098529027650559
 0.43800002080388367 0.7116292596298952
 0.4390000208513811 0.7134067110117935
 0.4400000208988786 0.7151852600205567
 0.441000020946376 0.7169649097703809
 0.4420000209938735 0.7187456633798652
 0.44300002104137093 0.7205275239720241
 0.4440000210888684 0.7223104946743001
 0.44500002113636583 0.7240945786185761
 0.4460000211838633 0.7258797789411879
 0.44700002123136073 0.7276660987829371
 0.4480000212788582 0.729453541289103
 0.44900002132635564 0.7312421096094558
 0.4500000213738531 0.733031806898269
 0.45100002142135054 0.7348226363143316
 0.452000021468848 0.7366146010209615
 0.45300002151634544 0.7384077041860176
 0.4540000215638429 0.7402019489819127
 0.45500002161134034 0.741997338585626
 0.4560000216588378 0.7437938761787163
 0.45700002170633525 0.7455915649473339
 0.4580000217538327 0.747390408082234
 0.45900002180133015 0.7491904087787894
 0.4600000218488276 0.7509915702370028
 0.46100002189632505 0.7527938956615202
 0.4620000219438225 0.7545973882616432
 0.46300002199131995 0.7564020512513426
 0.4640000220388174 0.7582078878492703
 0.46500002208631486 0.760014901278773
 0.4660000221338123 0.7618230947679044
 0.46700002218130976 0.7636324715494388
 0.4680000222288072 0.7654430348608832
 0.46900002227630466 0.767254787944491
 0.4700000223238021 0.7690677340472748
 0.47100002237129956 0.770881876421019
 0.472000022418797 0.7726972183222932
 0.47300002246629447 0.7745137630124652
 0.4740000225137919 0.7763315137577137
 0.47500002256128937 0.778150473829042
 0.4760000226087868 0.7799706465022904
 0.4770000226562843 0.7817920350581498
 0.4780000227037817 0.7836146427821744
 0.4790000227512792 0.7854384729647953
 0.4800000227987766 0.7872635289013334
 0.4810000228462741 0.7890898138920126
 0.48200002289377153 0.7909173312419732
 0.483000022941269 0.7927460842612843
 0.48400002298876643 0.7945760762649583
 0.4850000230362639 0.7964073105729633
 0.48600002308376133 0.7982397905102367
 0.4870000231312588 0.8000735194066982
 0.48800002317875624 0.8019085005972637
 0.4890000232262537 0.8037447374218579
 0.49000002327375114 0.8055822332254284
 0.4910000233212486 0.8074209913579584
 0.49200002336874604 0.8092610151744806
 0.4930000234162435 0.8111023080350903
 0.49400002346374094 0.8129448733049593
 0.4950000235112384 0.8147887143543489
 0.49600002355873585 0.816633834558623
 0.4970000236062333 0.8184802372982628
 0.49800002365373075 0.8203279259588794
 0.4990000237012282 0.8221769039312274
 0.5000000237487257 0.824027174611219
 0.5010000237962231 0.825878741399937
 0.5020000238437206 0.8277316077036487
 0.503000023891218 0.8295857769338194
 0.5040000239387155 0.8314412525071262
 0.5050000239862129 0.8332980378454716
 0.5060000240337104 0.8351561363759971
 0.5070000240812078 0.8370155515310969
 0.5080000241287053 0.8388762867484317
 0.5090000241762027 0.8407383454709426
 0.5100000242237002 0.8426017311468645
 0.5110000242711976 0.8444664472297404
 0.5120000243186951 0.8463324971784348
 0.5130000243661925 0.8481998844571477
 0.51400002441369 0.850068612535428
 0.5150000244611874 0.8519386848881882
 0.5160000245086849 0.8538101049957181
 0.5170000245561823 0.8556828763436981
 0.5180000246036798 0.8575570024232139
 0.5190000246511772 0.8594324867307697
 0.5200000246986747 0.8613093327683029
 0.5210000247461721 0.8631875440431981
 0.5220000247936696 0.8650671240683002
 0.523000024841167 0.8669480763619297
 0.5240000248886645 0.8688304044478959
 0.5250000249361619 0.8707141118555113
 0.5260000249836594 0.8725992021196054
 0.5270000250311568 0.8744856787805397
 0.5280000250786543 0.876373545384221
 0.5290000251261517 0.8782628054821157
 0.5300000251736492 0.8801534626312646
 0.5310000252211466 0.8820455203942962
 0.5320000252686441 0.8839389823394417
 0.5330000253161415 0.8858338520405491
 0.534000025363639 0.8877301330770974
 0.5350000254111364 0.8896278290342107
 0.5360000254586339 0.8915269435026731
 0.5370000255061314 0.8934274800789426
 0.5380000255536288 0.8953294423651655
 0.5390000256011263 0.8972328339691913
 0.5400000256486237 0.8991376585045866
 0.5410000256961212 0.9010439195906498
 0.5420000257436186 0.9029516208524252
 0.5430000257911161 0.9048607659207181
 0.5440000258386135 0.9067713584321088
 0.545000025886111 0.9086834020289675
 0.5460000259336084 0.9105969003594687
 0.5470000259811059 0.912511857077606
 0.5480000260286033 0.9144282758432063
 0.5490000260761008 0.9163461603219449
 0.5500000261235982 0.9182655141853601
 0.5510000261710957 0.9201863411108673
 0.5520000262185931 0.9221086447817742
 0.5530000262660906 0.9240324288872961
 0.554000026313588 0.9259576971225694
 0.5550000263610855 0.927884453188667
 0.5560000264085829 0.9298127007926136
 0.5570000264560804 0.9317424436473994
 0.5580000265035778 0.9336736854719965
 0.5590000265510753 0.9356064299913721
 0.5600000265985727 0.9375406809365043
 0.5610000266460702 0.939476442044397
 0.5620000266935676 0.9414137170580948
 0.5630000267410651 0.9433525097266982
 0.5640000267885625 0.9452928238053777
 0.56500002683606 0.9472346630553898
 0.5660000268835574 0.949178031244092
 0.5670000269310549 0.9511229321449569
 0.5680000269785523 0.9530693695375885
 0.5690000270260498 0.9550173472077363
 0.5700000270735472 0.9569668689473114
 0.5710000271210447 0.958917938554401
 0.5720000271685421 0.9608705598332834
 0.5730000272160396 0.9628247365944442
 0.574000027263537 0.9647804726545905
 0.5750000273110345 0.9667377718366668
 0.576000027358532 0.9686966379698699
 0.5770000274060294 0.9706570748896646
 0.5780000274535269 0.9726190864377986
 0.5790000275010243 0.9745826764623182
 0.5800000275485218 0.9765478488175838
 0.5810000275960192 0.9785146073642851
 0.5820000276435167 0.9804829559694563
 0.5830000276910141 0.982452898506492
 0.5840000277385116 0.9844244388551627
 0.585000027786009 0.9863975809016299
 0.5860000278335065 0.9883723285384618
 0.5870000278810039 0.9903486856646494
 0.5880000279285014 0.9923266561856211
 0.5890000279759988 0.9943062440132593
 0.5900000280234963 0.9962874530659155
 0.5910000280709937 0.998270287268426
 0.5920000281184912 1.000254750552128
 0.5930000281659886 1.0022408468548745
 0.5940000282134861 1.004228580121051
 0.5950000282609835 1.006217954301591
 0.596000028308481 1.008208973353991
 0.5970000283559784 1.0102016412423276
 0.5980000284034759 1.0121959619372727
 0.5990000284509733 1.0141919394161092
 0.6000000284984708 1.0161895776627472
 0.6010000285459682 1.0181888806677397
 0.6020000285934657 1.020189852428299
 0.6030000286409631 1.0221924969483127
 0.6040000286884606 1.0241968182383585
 0.605000028735958 1.0262028203157219
 0.6060000287834555 1.0282105072044112
 0.6070000288309529 1.0302198829351747
 0.6080000288784504 1.0322309515455153
 0.6090000289259478 1.0342437170797072
 0.6100000289734453 1.0362581835888132
 0.6110000290209427 1.0382743551306997
 0.6120000290684402 1.0402922357700528
 0.6130000291159377 1.0423118295783953
 0.6140000291634351 1.0443331406341025
 0.6150000292109326 1.0463561730224193
 0.61600002925843 1.0483809308354748
 0.6170000293059275 1.0504074181723009
 0.6180000293534249 1.052435639138847
 0.6190000294009224 1.054465597847997
 0.6200000294484198 1.0564972984195862
 0.6210000294959173 1.0585307449804167
 0.6220000295434147 1.0605659416642752
 0.6230000295909122 1.0626028926119484
 0.6240000296384096 1.0646416019712406
 0.6250000296859071 1.0666820738969895
 0.6260000297334045 1.0687243125510832
 0.627000029780902 1.0707683221024764
 0.6280000298283994 1.0728141067272072
 0.6290000298758969 1.0748616706084144
 0.6300000299233943 1.0769110179363541
 0.6310000299708918 1.0789621529084155
 0.6320000300183892 1.0810150797291385
 0.6330000300658867 1.0830698026102306
 0.6340000301133841 1.0851263257705839
 0.6350000301608816 1.0871846534362908
 0.636000030208379 1.0892447898406625
 0.6370000302558765 1.0913067392242448
 0.6380000303033739 1.0933705058348353
 0.6390000303508714 1.095436093927501
 0.6400000303983688 1.0975035077645943
 0.6410000304458663 1.0995727516157707
 0.6420000304933637 1.1016438297580058
 0.6430000305408612 1.1037167464756124
 0.6440000305883586 1.1057915060602577
 0.6450000306358561 1.1078681128109802
 0.6460000306833535 1.1099465710342071
 0.647000030730851 1.1120268850437713
 0.6480000307783484 1.1141090591609293
 0.6490000308258459 1.116193097714378
 0.6500000308733433 1.1182790050402713
 0.6510000309208408 1.120366785482239
 0.6520000309683383 1.122456443391403
 0.6530000310158357 1.1245479831263956
 0.6540000310633332 1.1266414090533754
 0.6550000311108306 1.1287367255460465
 0.6560000311583281 1.1308339369856752
 0.6570000312058255 1.1329330477611075
 0.658000031253323 1.1350340622687864
 0.6590000313008204 1.1371369849127706
 0.6600000313483179 1.1392418201047507
 0.6610000313958153 1.141348572264068
 0.6620000314433128 1.143457245817731
 0.6630000314908102 1.1455678452004343
 0.6640000315383077 1.1476803748545756
 0.6650000315858051 1.1497948392302737
 0.6660000316333026 1.1519112427853866
 0.6670000316808 1.1540295899855282
 0.6680000317282975 1.156149885304088
 0.6690000317757949 1.1582721332222472
 0.6700000318232924 1.1603963382289983
 0.6710000318707898 1.162522504821161
 0.6720000319182873 1.1646506375034023
 0.6730000319657847 1.166780740788253
 0.6740000320132822 1.168912819196126
 0.6750000320607796 1.1710468772553357
 0.6760000321082771 1.1731829195021146
 0.6770000321557745 1.1753209504806317
 0.678000032203272 1.1774609747430111
 0.6790000322507694 1.1796029968493504
 0.6800000322982669 1.1817470213677381
 0.6810000323457643 1.1838930528742724
 0.6820000323932618 1.1860410959530794
 0.6830000324407592 1.1881911551963322
 0.6840000324882567 1.1903432352042678
 0.6850000325357541 1.1924973405852066
 0.6860000325832516 1.1946534759555703
 0.687000032630749 1.1968116459399003
 0.6880000326782465 1.198971855170877
 0.689000032725744 1.2011341082893376
 0.6900000327732414 1.203298409944295
 0.6910000328207389 1.2054647647929555
 0.6920000328682363 1.2076331775007394
 0.6930000329157338 1.2098036527412974
 0.6940000329632312 1.211976195196531
 0.6950000330107287 1.2141508095566103
 0.6960000330582261 1.2163275005199927
 0.6970000331057236 1.2185062727934424
 0.698000033153221 1.2206871310920486
 0.6990000332007185 1.2228700801392451
 0.7000000332482159 1.2250551246668284
 0.7010000332957134 1.2272422694149765
 0.7020000333432108 1.2294315191322687
 0.7030000333907083 1.231622878575704
 0.7040000334382057 1.2338163525107206
 0.7050000334857032 1.2360119457112149
 0.7060000335332006 1.2382096629595598
 0.7070000335806981 1.2404095090466243
 0.7080000336281955 1.2426114887717927
 0.709000033675693 1.2448156069429845
 0.7100000337231904 1.2470218683766732
 0.7110000337706879 1.249230277897904
 0.7120000338181853 1.2514408403403157
 0.7130000338656828 1.2536535605461583
 0.7140000339131802 1.255868443366313
 0.7150000339606777 1.2580854936603114
 0.7160000340081751 1.2603047162963548
 0.7170000340556726 1.262526116151334
 0.71800003410317 1.2647496981108486
 0.7190000341506675 1.266975467069227
 0.7200000341981649 1.269203427929545
 0.7210000342456624 1.2714335856036463
 0.7220000342931598 1.273665945012162
 0.7230000343406573 1.2759005110845296
 0.7240000343881547 1.2781372887590143
 0.7250000344356522 1.2803762829827265
 0.7260000344831496 1.2826174987116437
 0.7270000345306471 1.2848609409106289
 0.7280000345781446 1.2871066145534513
 0.729000034625642 1.2893545246228062
 0.7300000346731395 1.2916046761103337
 0.7310000347206369 1.29385707401664
 0.7320000347681344 1.296111723351317
 0.7330000348156318 1.2983686291329628
 0.7340000348631293 1.3006277963892006
 0.7350000349106267 1.3028892301566997
 0.7360000349581242 1.3051529354811953
 0.7370000350056216 1.307418917417509
 0.7380000350531191 1.3096871810295687
 0.7390000351006165 1.3119577313904294
 0.740000035148114 1.3142305735822928
 0.7410000351956114 1.3165057126965278
 0.7420000352431089 1.3187831538336914
 0.7430000352906063 1.321062902103548
 0.7440000353381038 1.3233449626250915
 0.7450000353856012 1.3256293405265638
 0.7460000354330987 1.3279160409454773
 0.7470000354805961 1.330205069028634
 0.7480000355280936 1.3324964299321465
 0.749000035575591 1.3347901288214585
 0.7500000356230885 1.337086170871366
 0.7510000356705859 1.3393845612660376
 0.7520000357180834 1.3416853051990347
 0.7530000357655808 1.3439884078733335
 0.7540000358130783 1.3462938745013453
 0.7550000358605757 1.3486017103049366
 0.7560000359080732 1.3509119205154507
 0.7570000359555706 1.3532245103737293
 0.7580000360030681 1.355539485130132
 0.7590000360505655 1.3578568500445576
 0.760000036098063 1.3601766103864665
 0.7610000361455604 1.3624987714349004
 0.7620000361930579 1.3648233384785038
 0.7630000362405553 1.367150316815545
 0.7640000362880528 1.3694797117539381
 0.7650000363355502 1.3718115286112629
 0.7660000363830477 1.374145772714787
 0.7670000364305452 1.3764824494014873
 0.7680000364780426 1.378821564018071
 0.76900003652554 1.3811631219209963
 0.7700000365730375 1.3835071284764957
 0.771000036620535 1.3858535890605956
 0.7720000366680324 1.3882025090591386
 0.7730000367155299 1.390553893867805
 0.7740000367630273 1.3929077488921344
 0.7750000368105248 1.395264079547547
 0.7760000368580222 1.3976228912593658
 0.7770000369055197 1.3999841894628382
 0.7780000369530171 1.4023479796031573
 0.7790000370005146 1.404714267135484
 0.780000037048012 1.4070830575249687
 0.7810000370955095 1.4094543562467734
 0.7820000371430069 1.4118281687860932
 0.7830000371905044 1.4142045006381787
 0.7840000372380018 1.4165833573083577
 0.7850000372854993 1.418964744312057
 0.7860000373329967 1.421348667174825
 0.7870000373804942 1.4237351314323539
 0.7880000374279916 1.4261241426305005
 0.7890000374754891 1.42851570632531
 0.7900000375229865 1.4309098280830375
 0.791000037570484 1.4333065134801708
 0.7920000376179814 1.4357057681034513
 0.7930000376654789 1.438107597549898
 0.7940000377129763 1.4405120074268292
 0.7950000377604738 1.4429190033518846
 0.7960000378079712 1.4453285909530484
 0.7970000378554687 1.4477407758686711
 0.7980000379029661 1.450155563747493
 0.7990000379504636 1.452572960248666
 0.800000037997961 1.4549929710417757
 0.8010000380454585 1.4574156018068662
 0.802000038092956 1.459840858234461
 0.8030000381404534 1.4622687460255863
 0.8040000381879508 1.464699270891793
 0.8050000382354483 1.4671324385551812
 0.8060000382829458 1.469568254748422
 0.8070000383304432 1.4720067252147808
 0.8080000383779407 1.4744478557081395
 0.8090000384254381 1.4768916519930209
 0.8100000384729356 1.4793381198446098
 0.811000038520433 1.4817872650487784
 0.8120000385679305 1.4842390934021077
 0.8130000386154279 1.486693610711912
 0.8140000386629254 1.4891508227962602
 0.8150000387104228 1.4916107354840016
 0.8160000387579203 1.494073354614787
 0.8170000388054177 1.496538686039093
 0.8180000388529152 1.4990067356182462
 0.8190000389004126 1.501477509224445
 0.8200000389479101 1.5039510127407842
 0.8210000389954075 1.5064272520612783
 0.822000039042905 1.508906233090885
 0.8230000390904024 1.5113879617455286
 0.8240000391378999 1.5138724439521243
 0.8250000391853973 1.5163596856486012
 0.8260000392328948 1.5188496927839263
 0.8270000392803922 1.5213424713181287
 0.8280000393278897 1.5238380272223226
 0.8290000393753871 1.5263363664787324
 0.8300000394228846 1.528837495080715
 0.831000039470382 1.5313414190327856
 0.8320000395178795 1.5338481443506404
 0.8330000395653769 1.536357677061181
 0.8340000396128744 1.5388700232025385
 0.8350000396603718 1.541385188824098
 0.8360000397078693 1.543903179986522
 0.8370000397553667 1.5464240027617762
 0.8380000398028642 1.5489476632331514
 0.8390000398503616 1.55147416749529
 0.8400000398978591 1.55400352165421
 0.8410000399453565 1.5565357318273283
 0.842000039992854 1.5590708041434853
 0.8430000400403515 1.5616087447429712
 0.8440000400878489 1.5641495597775488
 0.8450000401353464 1.5666932554104789
 0.8460000401828438 1.569239837816544
 0.8470000402303413 1.571789313182074
 0.8480000402778387 1.5743416877049707
 0.8490000403253362 1.5768969675947326
 0.8500000403728336 1.57945515907248
 0.8510000404203311 1.5820162683709786
 0.8520000404678285 1.5845803017346665
 0.853000040515326 1.5871472654196774
 0.8540000405628234 1.5897171656938667
 0.8550000406103209 1.592290008836836
 0.8560000406578183 1.5948658011399581
 0.8570000407053158 1.5974445489064026
 0.8580000407528132 1.600026258451161
 0.8590000408003107 1.6026109361010719
 0.8600000408478081 1.6051985881948465
 0.8610000408953056 1.6077892210830933
 0.862000040942803 1.610382841128344
 0.8630000409903005 1.6129794547050798
 0.8640000410377979 1.6155790681997553
 0.8650000410852954 1.6181816880108248
 0.8660000411327928 1.620787320548768
 0.8670000411802903 1.6233959722361155
 0.8680000412277877 1.6260076495074742
 0.8690000412752852 1.6286223588095539
 0.8700000413227826 1.631240106601192
 0.8710000413702801 1.63386089935338
 0.8720000414177775 1.6364847435492897
 0.873000041465275 1.6391116456842978
 0.8740000415127724 1.6417416122660138
 0.8750000415602699 1.6443746498143041
 0.8760000416077673 1.64701076486132
 0.8770000416552648 1.6496499639515214
 0.8780000417027622 1.6522922536417053
 0.8790000417502597 1.654937640501031
 0.8800000417977571 1.657586131111046
 0.8810000418452546 1.6602377320657136
 0.882000041892752 1.662892449971438
 0.8830000419402495 1.6655502914470912
 0.884000041987747 1.6682112631240396
 0.8850000420352444 1.67087537164617
 0.8860000420827419 1.6735426236699167
 0.8870000421302393 1.6762130258642889
 0.8880000421777368 1.6788865849108958
 0.8890000422252342 1.681563307503974
 0.8900000422727317 1.684243200350414
 0.8910000423202291 1.6869262701697878
 0.8920000423677266 1.6896125236943749
 0.893000042415224 1.6923019676691902
 0.8940000424627215 1.6949946088520098
 0.8950000425102189 1.6976904540133995
 0.8960000425577164 1.7003895099367397
 0.8970000426052138 1.7030917834182544
 0.8980000426527113 1.7057972812670386
 0.8990000427002087 1.708506010305084
 0.9000000427477062 1.7112179773673073
 0.9010000427952036 1.713933189301577
 0.9020000428427011 1.7166516529687417
 0.9030000428901985 1.7193733752426559
 0.904000042937696 1.7220983630102094
 0.9050000429851934 1.7248266231713534
 0.9060000430326909 1.7275581626391294
 0.9070000430801883 1.7302929883396954
 0.9080000431276858 1.7330311072123552
 0.9090000431751832 1.7357725262095844
 0.9100000432226807 1.7385172522970596
 0.9110000432701781 1.7412652924536856
 0.9120000433176756 1.7440166536716235
 0.913000043365173 1.7467713429563188
 0.9140000434126705 1.7495293673265289
 0.9150000434601679 1.7522907338143519
 0.9160000435076654 1.7550554494652542
 0.9170000435551628 1.757823521338099
 0.9180000436026603 1.7605949565051742
 0.9190000436501577 1.763369762052221
 0.9200000436976552 1.7661479450784623
 0.9210000437451527 1.76892951269663
 0.9220000437926501 1.7717144720329954
 0.9230000438401476 1.7745028302273962
 0.924000043887645 1.777294594433266
 0.9250000439351425 1.780089771817662
 0.9260000439826399 1.782888369561294
 0.9270000440301374 1.7856903948585536
 0.9280000440776348 1.7884958549175423
 0.9290000441251323 1.791304756960101
 0.9300000441726297 1.7941171082218386
 0.9310000442201272 1.7969329159521599
 0.9320000442676246 1.7997521874142968
 0.9330000443151221 1.8025749298853355
 0.9340000443626195 1.8054011506562466
 0.935000044410117 1.808230857031914
 0.9360000444576144 1.8110640563311633
 0.9370000445051119 1.8139007558867921
 0.9380000445526093 1.816740963045599
 0.9390000446001068 1.8195846851684137
 0.9400000446476042 1.8224319296301248
 0.9410000446951017 1.8252827038197108
 0.9420000447425991 1.828137015140269
 0.9430000447900966 1.8309948710090451
 0.944000044837594 1.8338562788574637
 0.9450000448850915 1.8367212461311557
 0.9460000449325889 1.8395897802899914
 0.9470000449800864 1.8424618888081075
 0.9480000450275838 1.8453375791739388
 0.9490000450750813 1.8482168588902472
 0.9500000451225787 1.8510997354741523
 0.9510000451700762 1.853986216457161
 0.9520000452175736 1.8568763093851977
 0.9530000452650711 1.8597700218186344
 0.9540000453125685 1.8626673613323217
 0.955000045360066 1.865568335515618
 0.9560000454075634 1.8684729519724208
 0.9570000454550609 1.8713812183211962
 0.9580000455025584 1.8742931421950102
 0.9590000455500558 1.8772087312415588
 0.9600000455975533 1.8801279931231987
 0.9610000456450507 1.8830509355169782
 0.9620000456925482 1.8859775661146672
 0.9630000457400456 1.8889078926227882
 0.9640000457875431 1.8918419227626484
 0.9650000458350405 1.8947796642703685
 0.966000045882538 1.8977211248969155
 0.9670000459300354 1.9006663124081322
 0.9680000459775329 1.9036152345847692
 0.9690000460250303 1.9065678992225155
 0.9700000460725278 1.9095243141320302
 0.9710000461200252 1.9124844871389737
 0.9720000461675227 1.9154484260840385
 0.9730000462150201 1.918416138822981
 0.9740000462625176 1.9213876332266533
 0.975000046310015 1.9243629171810333
 0.9760000463575125 1.927341998587257
 0.9770000464050099 1.9303248853616508
 0.9780000464525074 1.933311585435762
 0.9790000465000048 1.9363021067563924
 0.9800000465475023 1.939296457285627
 0.9810000465949997 1.9422946450008691
 0.9820000466424972 1.9452966778948697
 0.9830000466899946 1.9483025639757607
 0.9840000467374921 1.9513123112670874
 0.9850000467849895 1.9543259278078393
 0.986000046832487 1.9573434216524834
 0.9870000468799844 1.9603648008709955
 0.9880000469274819 1.963390073548893
 0.9890000469749793 1.9664192477872675
 0.9900000470224768 1.9694523317028163
 0.9910000470699742 1.9724893334278755
 0.9920000471174717 1.975530261110453
 0.9930000471649691 1.97857512291426
 0.9940000472124666 1.981623927018744
 0.995000047259964 1.9846766816191217
 0.9960000473074615 1.9877333949264127
 0.997000047354959 1.9907940751674706
 0.9980000474024564 1.9938587305850175
 0.9990000474499539 1.9969273694376755
 1.0000000474974513 2.
